0.391   0.452   0.431   0.312   0.420   0.418   0.411   0.394   0.453  
0.457   0.474   0.464   0.359   0.457   0.458   0.464   0.456   0.485  
0.322   0.296   0.289   0.290   0.331   0.306   0.307   0.321   0.356  
0.641   0.673   0.673   0.282   0.673   0.673   0.673   0.673   0.790  
0.475   0.538   0.515   0.276   0.508   0.502   0.519   0.501   0.557  
0.574   0.499   0.499   0.249   0.499   0.492   0.490   0.486   0.542  
0.525   0.495   0.495   0.329   0.522   0.524   0.494   0.488   0.577  
0.690   0.705   0.707   0.525   0.705   0.709   0.709   0.705   0.721  
0.668   0.671   0.636   0.358   0.669   0.626   0.627   0.615   0.686  
0.705   0.711   0.706   0.600   0.707   0.700   0.703   0.707   0.715  
0.393   0.399   0.399   0.388   0.399   0.399   0.399   0.399   0.429  
0.345   0.346   0.345   0.272   0.363   0.361   0.342   0.329   0.360  
0.757   0.812   0.812   0.435   0.812   0.812   0.812   0.812   0.721  
0.469   0.608   0.566   0.273   0.538   0.520   0.561   0.529   0.698  
0.665   0.670   0.657   0.379   0.667   0.656   0.657   0.654   0.686  
0.655   0.711   0.694   0.364   0.766   0.746   0.691   0.691   0.711  
0.527   0.525   0.510   0.370   0.513   0.509   0.519   0.503   0.553  
0.628   0.632   0.619   0.445   0.623   0.613   0.621   0.619   0.650  
0.521   0.554   0.533   0.347   0.560   0.533   0.537   0.539   0.566  
0.513   0.546   0.546   0.267   0.598   0.598   0.542   0.545   0.601  
0.493   0.505   0.459   0.176   0.498   0.495   0.505   0.466   0.621  
0.408   0.624   0.551   0.251   0.500   0.491   0.499   0.450   0.744  
0.411   0.804   0.621   0.229   0.726   0.660   0.702   0.533   0.806  
0.518   0.533   0.533   0.411   0.533   0.533   0.533   0.522   0.539  
0.690   0.683   0.632   0.434   0.622   0.620   0.662   0.604   0.679  
0.295   0.405   0.375   0.214   0.400   0.374   0.378   0.297   0.404  
0.644   0.595   0.604   0.447   0.589   0.603   0.607   0.599   0.619  
0.573   0.687   0.608   0.327   0.625   0.601   0.620   0.594   0.662  
0.491   0.517   0.510   0.311   0.511   0.492   0.494   0.489   0.620  
0.569   0.620   0.600   0.395   0.613   0.606   0.604   0.590   0.633  
0.389   0.395   0.404   0.331   0.384   0.384   0.386   0.382   0.413  
0.509   0.604   0.604   0.389   0.535   0.535   0.604   0.552   0.626  
0.840   0.675   0.673   0.664   0.669   0.669   0.675   0.675   0.680  
0.450   0.459   0.460   0.250   0.447   0.431   0.439   0.432   0.520  
0.362   0.475   0.434   0.312   0.375   0.368   0.389   0.370   0.409  
0.467   0.475   0.467   0.431   0.458   0.450   0.467   0.467   0.475  
0.715   0.620   0.630   0.515   0.620   0.627   0.627   0.627   0.640  
0.768   0.679   0.679   0.470   0.679   0.682   0.682   0.679   0.741  
0.514   0.488   0.488   0.345   0.500   0.500   0.488   0.491   0.505  
0.556   0.595   0.526   0.294   0.475   0.407   0.469   0.427   0.623  
0.519   0.533   0.523   0.398   0.543   0.536   0.556   0.536   0.557  
0.345   0.369   0.369   0.345   0.369   0.369   0.369   0.369   0.369  
0.609   0.625   0.625   0.441   0.626   0.622   0.610   0.611   0.643  
0.572   0.661   0.584   0.240   0.574   0.560   0.565   0.550   0.672  
0.447   0.416   0.425   0.332   0.375   0.375   0.401   0.392   0.406  
0.740   0.756   0.756   0.658   0.736   0.736   0.753   0.754   0.764  
0.609   0.692   0.693   0.309   0.653   0.652   0.655   0.654   0.714  
0.633   0.666   0.657   0.334   0.639   0.637   0.659   0.651   0.689  
0.685   0.719   0.697   0.322   0.740   0.692   0.674   0.673   0.776  
0.443   0.514   0.514   0.398   0.593   0.600   0.520   0.514   0.592  
0.569   0.689   0.647   0.312   0.689   0.686   0.686   0.643   0.701  
0.599   0.652   0.652   0.412   0.656   0.657   0.654   0.652   0.676  
0.469   0.479   0.470   0.251   0.482   0.467   0.457   0.460   0.507  
0.502   0.542   0.519   0.257   0.544   0.516   0.511   0.505   0.584  
0.560   0.616   0.584   0.293   0.562   0.548   0.577   0.560   0.638  
0.527   0.533   0.534   0.270   0.534   0.545   0.549   0.531   0.589  
0.526   0.543   0.512   0.202   0.547   0.527   0.516   0.505   0.558  
0.576   0.564   0.561   0.417   0.540   0.536   0.557   0.553   0.577  
0.393   0.376   0.376   0.364   0.370   0.370   0.376   0.376   0.376  
0.670   0.507   0.507   0.459   0.507   0.507   0.507   0.507   0.507  
0.500   0.529   0.529   0.500   0.500   0.500   0.500   0.500   0.500  
0.322   0.317   0.317   0.305   0.326   0.323   0.317   0.317   0.317  
0.261   0.248   0.248   0.212   0.228   0.235   0.240   0.228   0.248  
0.299   0.397   0.397   0.266   0.397   0.361   0.361   0.273   0.397  
0.363   0.306   0.306   0.308   0.355   0.355   0.347   0.347   0.359  
0.253   0.253   0.253   0.253   0.253   0.253   0.253   0.253   0.253  
0.750   0.706   0.706   0.688   0.694   0.694   0.712   0.706   0.719  
0.615   0.528   0.528   0.417   0.528   0.528   0.528   0.528   0.639  
0.566   0.621   0.621   0.493   0.499   0.499   0.527   0.513   0.531  
0.586   0.549   0.542   0.529   0.586   0.579   0.542   0.542   0.542  
0.447   0.434   0.434   0.391   0.412   0.415   0.432   0.434   0.433  
0.577   0.670   0.670   0.483   0.563   0.563   0.675   0.598   0.646  
0.544   0.544   0.544   0.522   0.529   0.529   0.540   0.540   0.540  
0.833   0.856   0.856   0.744   0.856   0.856   0.856   0.856   0.856  
0.682   0.694   0.680   0.632   0.693   0.682   0.682   0.680   0.687  
0.672   0.695   0.695   0.641   0.672   0.672   0.688   0.672   0.688  
0.450   0.516   0.517   0.341   0.537   0.483   0.481   0.463   0.536  
0.354   0.458   0.430   0.319   0.344   0.344   0.360   0.357   0.385  
0.389   0.366   0.366   0.316   0.343   0.339   0.363   0.350   0.372  
0.453   0.480   0.480   0.425   0.463   0.463   0.472   0.463   0.474  
0.382   0.439   0.416   0.352   0.375   0.372   0.389   0.383   0.428  
0.388   0.388   0.388   0.388   0.400   0.400   0.388   0.388   0.388  
0.524   0.536   0.536   0.513   0.526   0.526   0.536   0.536   0.536  
0.472   0.556   0.556   0.472   0.556   0.556   0.556   0.556   0.556  
0.333   0.333   0.333   0.333   0.333   0.333   0.333   0.333   0.333  
0.475   0.475   0.475   0.475   0.475   0.475   0.475   0.475   0.475  
0.443   0.443   0.443   0.443   0.443   0.443   0.443   0.443   0.443  
0.500   0.500   0.500   0.500   0.500   0.500   0.500   0.500   0.500  
0.458   0.458   0.458   0.458   0.458   0.458   0.458   0.458   0.458  
