0.0000  1.0000 
0.0031  1.0000 
0.0063  0.9732 
0.0094  0.9732 
0.0126  0.9732 
0.0157  0.9732 
0.0189  0.9643 
0.0220  0.9643 
0.0252  0.9643 
0.0283  0.9643 
0.0314  0.9643 
0.0346  0.9464 
0.0377  0.9464 
0.0409  0.9464 
0.0440  0.9464 
0.0472  0.9464 
0.0503  0.9375 
0.0535  0.9375 
0.0566  0.9286 
0.0597  0.9196 
0.0629  0.9196 
0.0660  0.9107 
0.0692  0.9107 
0.0723  0.8839 
0.0755  0.8661 
0.0786  0.8482 
0.0818  0.8482 
0.0849  0.8393 
0.0881  0.8214 
0.0912  0.8214 
0.0943  0.8214 
0.0975  0.8214 
0.1006  0.8214 
0.1038  0.8214 
0.1069  0.8214 
0.1101  0.8214 
0.1132  0.8214 
0.1164  0.8125 
0.1195  0.8036 
0.1226  0.7946 
0.1258  0.7857 
0.1289  0.7857 
0.1321  0.7768 
0.1352  0.7768 
0.1384  0.7589 
0.1415  0.7589 
0.1447  0.7589 
0.1478  0.7500 
0.1509  0.7500 
0.1541  0.7500 
0.1572  0.7411 
0.1604  0.7411 
0.1635  0.7411 
0.1667  0.7411 
0.1698  0.7411 
0.1730  0.7411 
0.1761  0.7411 
0.1792  0.7411 
0.1824  0.7411 
0.1855  0.7411 
0.1887  0.7411 
0.1918  0.7411 
0.1950  0.7411 
0.1981  0.7411 
0.2013  0.7411 
0.2044  0.7411 
0.2075  0.7321 
0.2107  0.7321 
0.2138  0.7321 
0.2170  0.7232 
0.2201  0.7143 
0.2233  0.7054 
0.2264  0.7054 
0.2296  0.7054 
0.2327  0.6875 
0.2358  0.6875 
0.2390  0.6786 
0.2421  0.6607 
0.2453  0.6607 
0.2484  0.6518 
0.2516  0.6518 
0.2547  0.6518 
0.2579  0.6518 
0.2610  0.6518 
0.2642  0.6518 
0.2673  0.6518 
0.2704  0.6518 
0.2736  0.6429 
0.2767  0.6339 
0.2799  0.6339 
0.2830  0.6339 
0.2862  0.6339 
0.2893  0.6250 
0.2925  0.6250 
0.2956  0.6250 
0.2987  0.6250 
0.3019  0.6250 
0.3050  0.6250 
0.3082  0.6250 
0.3113  0.6250 
0.3145  0.6250 
0.3176  0.6250 
0.3208  0.6250 
0.3239  0.6250 
0.3270  0.6250 
0.3302  0.6250 
0.3333  0.6250 
0.3365  0.6250 
0.3396  0.6250 
0.3428  0.6250 
0.3459  0.6250 
0.3491  0.6250 
0.3522  0.6250 
0.3553  0.6161 
0.3585  0.6071 
0.3616  0.6071 
0.3648  0.6071 
0.3679  0.6071 
0.3711  0.6071 
0.3742  0.5982 
0.3774  0.5982 
0.3805  0.5982 
0.3836  0.5982 
0.3868  0.5982 
0.3899  0.5982 
0.3931  0.5982 
0.3962  0.5982 
0.3994  0.5982 
0.4025  0.5982 
0.4057  0.5982 
0.4088  0.5893 
0.4119  0.5893 
0.4151  0.5804 
0.4182  0.5804 
0.4214  0.5804 
0.4245  0.5714 
0.4277  0.5714 
0.4308  0.5714 
0.4340  0.5714 
0.4371  0.5714 
0.4403  0.5625 
0.4434  0.5625 
0.4465  0.5625 
0.4497  0.5625 
0.4528  0.5625 
0.4560  0.5625 
0.4591  0.5625 
0.4623  0.5625 
0.4654  0.5625 
0.4686  0.5625 
0.4717  0.5625 
0.4748  0.5625 
0.4780  0.5625 
0.4811  0.5625 
0.4843  0.5625 
0.4874  0.5625 
0.4906  0.5625 
0.4937  0.5625 
0.4969  0.5625 
0.5000  0.5625 
0.5031  0.5625 
0.5063  0.5625 
0.5094  0.5625 
0.5126  0.5625 
0.5157  0.5625 
0.5189  0.5625 
0.5220  0.5625 
0.5252  0.5625 
0.5283  0.5625 
0.5314  0.5625 
0.5346  0.5625 
0.5377  0.5625 
0.5409  0.5625 
0.5440  0.5625 
0.5472  0.5625 
0.5503  0.5625 
0.5535  0.5625 
0.5566  0.5625 
0.5597  0.5625 
0.5629  0.5625 
0.5660  0.5625 
0.5692  0.5625 
0.5723  0.5625 
0.5755  0.5625 
0.5786  0.5625 
0.5818  0.5625 
0.5849  0.5625 
0.5881  0.5625 
0.5912  0.5536 
0.5943  0.5536 
0.5975  0.5536 
0.6006  0.5536 
0.6038  0.5536 
0.6069  0.5536 
0.6101  0.5446 
0.6132  0.5446 
0.6164  0.5446 
0.6195  0.5446 
0.6226  0.5357 
0.6258  0.5357 
0.6289  0.5268 
0.6321  0.5268 
0.6352  0.5268 
0.6384  0.5268 
0.6415  0.5268 
0.6447  0.5268 
0.6478  0.5179 
0.6509  0.5179 
0.6541  0.5179 
0.6572  0.5179 
0.6604  0.5179 
0.6635  0.5179 
0.6667  0.5089 
0.6698  0.5089 
0.6730  0.5089 
0.6761  0.5089 
0.6792  0.5089 
0.6824  0.5089 
0.6855  0.5089 
0.6887  0.5089 
0.6918  0.5089 
0.6950  0.5089 
0.6981  0.5089 
0.7013  0.5000 
0.7044  0.4911 
0.7075  0.4821 
0.7107  0.4643 
0.7138  0.4643 
0.7170  0.4643 
0.7201  0.4643 
0.7233  0.4643 
0.7264  0.4643 
0.7296  0.4554 
0.7327  0.4464 
0.7358  0.4464 
0.7390  0.4464 
0.7421  0.4464 
0.7453  0.4375 
0.7484  0.4375 
0.7516  0.4286 
0.7547  0.4286 
0.7579  0.4286 
0.7610  0.4286 
0.7642  0.4196 
0.7673  0.4107 
0.7704  0.4018 
0.7736  0.4018 
0.7767  0.4018 
0.7799  0.4018 
0.7830  0.3929 
0.7862  0.3839 
0.7893  0.3750 
0.7925  0.3750 
0.7956  0.3750 
0.7987  0.3661 
0.8019  0.3571 
0.8050  0.3571 
0.8082  0.3482 
0.8113  0.3393 
0.8145  0.3304 
0.8176  0.3214 
0.8208  0.3125 
0.8239  0.3036 
0.8270  0.2946 
0.8302  0.2946 
0.8333  0.2857 
0.8365  0.2768 
0.8396  0.2679 
0.8428  0.2679 
0.8459  0.2679 
0.8491  0.2679 
0.8522  0.2589 
0.8553  0.2500 
0.8585  0.2411 
0.8616  0.2411 
0.8648  0.2411 
0.8679  0.2411 
0.8711  0.2321 
0.8742  0.2232 
0.8774  0.2054 
0.8805  0.2054 
0.8836  0.2054 
0.8868  0.2054 
0.8899  0.1964 
0.8931  0.1875 
0.8962  0.1875 
0.8994  0.1875 
0.9025  0.1786 
0.9057  0.1696 
0.9088  0.1696 
0.9119  0.1607 
0.9151  0.1607 
0.9182  0.1518 
0.9214  0.1429 
0.9245  0.1429 
0.9277  0.1339 
0.9308  0.1339 
0.9340  0.1339 
0.9371  0.1250 
0.9403  0.1161 
0.9434  0.1161 
0.9465  0.1161 
0.9497  0.1071 
0.9528  0.0982 
0.9560  0.0982 
0.9591  0.0893 
0.9623  0.0804 
0.9654  0.0625 
0.9686  0.0625 
0.9717  0.0625 
0.9748  0.0536 
0.9780  0.0446 
0.9811  0.0446 
0.9843  0.0357 
0.9874  0.0268 
0.9906  0.0179 
0.9937  0.0089 
0.9969  0.0000 
1.0000  0.0000 
