0.0000  1.0000 
0.0189  1.0000 
0.0377  0.9643 
0.0566  0.9643 
0.0755  0.9286 
0.0943  0.9286 
0.1132  0.9286 
0.1321  0.9286 
0.1509  0.9286 
0.1698  0.9286 
0.1887  0.8929 
0.2075  0.8929 
0.2264  0.8929 
0.2453  0.8571 
0.2642  0.8571 
0.2830  0.8214 
0.3019  0.8214 
0.3208  0.7857 
0.3396  0.7857 
0.3585  0.7857 
0.3774  0.7857 
0.3962  0.7857 
0.4151  0.7143 
0.4340  0.6786 
0.4528  0.6786 
0.4717  0.6786 
0.4906  0.6071 
0.5094  0.6071 
0.5283  0.6071 
0.5472  0.6071 
0.5660  0.5714 
0.5849  0.5357 
0.6038  0.5357 
0.6226  0.5357 
0.6415  0.5000 
0.6604  0.4643 
0.6792  0.4286 
0.6981  0.4286 
0.7170  0.3929 
0.7358  0.3929 
0.7547  0.3571 
0.7736  0.3214 
0.7925  0.3214 
0.8113  0.2857 
0.8302  0.2500 
0.8491  0.2143 
0.8679  0.1786 
0.8868  0.1429 
0.9057  0.1071 
0.9245  0.0714 
0.9434  0.0714 
0.9623  0.0357 
0.9811  0.0000 
1.0000  0.0000 
