0.0000  1.0000 
0.0233  0.8929 
0.0465  0.8214 
0.0698  0.7500 
0.0930  0.7143 
0.1163  0.6786 
0.1395  0.6429 
0.1628  0.6071 
0.1860  0.5714 
0.2093  0.5357 
0.2326  0.5357 
0.2558  0.4643 
0.2791  0.4286 
0.3023  0.3929 
0.3256  0.3571 
0.3488  0.3214 
0.3721  0.3214 
0.3953  0.3214 
0.4186  0.2500 
0.4419  0.2500 
0.4651  0.2500 
0.4884  0.2143 
0.5116  0.1786 
0.5349  0.1786 
0.5581  0.1429 
0.5814  0.1429 
0.6047  0.1071 
0.6279  0.1071 
0.6512  0.1071 
0.6744  0.1071 
0.6977  0.0714 
0.7209  0.0714 
0.7442  0.0714 
0.7674  0.0714 
0.7907  0.0714 
0.8140  0.0714 
0.8372  0.0714 
0.8605  0.0714 
0.8837  0.0714 
0.9070  0.0357 
0.9302  0.0357 
0.9535  0.0357 
0.9767  0.0000 
1.0000  0.0000 
