0.0000  1.0000 
0.0182  0.8214 
0.0364  0.6786 
0.0545  0.6429 
0.0727  0.6071 
0.0909  0.5714 
0.1091  0.5714 
0.1273  0.5357 
0.1455  0.5357 
0.1636  0.5000 
0.1818  0.5000 
0.2000  0.5000 
0.2182  0.5000 
0.2364  0.5000 
0.2545  0.5000 
0.2727  0.4643 
0.2909  0.4643 
0.3091  0.4286 
0.3273  0.4286 
0.3455  0.4286 
0.3636  0.4286 
0.3818  0.3929 
0.4000  0.3929 
0.4182  0.3571 
0.4364  0.3214 
0.4545  0.3214 
0.4727  0.3214 
0.4909  0.3214 
0.5091  0.2857 
0.5273  0.2857 
0.5455  0.2857 
0.5636  0.2857 
0.5818  0.2857 
0.6000  0.2857 
0.6182  0.2857 
0.6364  0.2500 
0.6545  0.2500 
0.6727  0.2143 
0.6909  0.2143 
0.7091  0.2143 
0.7273  0.1786 
0.7455  0.1786 
0.7636  0.1429 
0.7818  0.1071 
0.8000  0.1071 
0.8182  0.1071 
0.8364  0.1071 
0.8545  0.1071 
0.8727  0.0714 
0.8909  0.0714 
0.9091  0.0714 
0.9273  0.0714 
0.9455  0.0714 
0.9636  0.0357 
0.9818  0.0000 
1.0000  0.0000 
