0.0000  1.0000 
0.0095  1.0000 
0.0190  1.0000 
0.0286  1.0000 
0.0381  0.9737 
0.0476  0.9737 
0.0571  0.9737 
0.0667  0.9737 
0.0762  0.9737 
0.0857  0.9737 
0.0952  0.9737 
0.1048  0.9474 
0.1143  0.9211 
0.1238  0.9211 
0.1333  0.9211 
0.1429  0.9211 
0.1524  0.9211 
0.1619  0.9211 
0.1714  0.8947 
0.1810  0.8947 
0.1905  0.8947 
0.2000  0.8947 
0.2095  0.8947 
0.2190  0.8947 
0.2286  0.8947 
0.2381  0.8947 
0.2476  0.8947 
0.2571  0.8947 
0.2667  0.8684 
0.2762  0.8684 
0.2857  0.8421 
0.2952  0.8158 
0.3048  0.7895 
0.3143  0.7895 
0.3238  0.7895 
0.3333  0.7895 
0.3429  0.7895 
0.3524  0.7895 
0.3619  0.7895 
0.3714  0.7632 
0.3810  0.7632 
0.3905  0.7632 
0.4000  0.7632 
0.4095  0.7368 
0.4190  0.7368 
0.4286  0.7368 
0.4381  0.7368 
0.4476  0.7368 
0.4571  0.7368 
0.4667  0.7368 
0.4762  0.7368 
0.4857  0.7368 
0.4952  0.7105 
0.5048  0.7105 
0.5143  0.6579 
0.5238  0.6579 
0.5333  0.6316 
0.5429  0.6316 
0.5524  0.6053 
0.5619  0.6053 
0.5714  0.5526 
0.5810  0.5526 
0.5905  0.5526 
0.6000  0.5263 
0.6095  0.5263 
0.6190  0.5263 
0.6286  0.5263 
0.6381  0.5000 
0.6476  0.5000 
0.6571  0.5000 
0.6667  0.4737 
0.6762  0.4737 
0.6857  0.4474 
0.6952  0.4474 
0.7048  0.4474 
0.7143  0.4211 
0.7238  0.4211 
0.7333  0.3947 
0.7429  0.3947 
0.7524  0.3684 
0.7619  0.3421 
0.7714  0.3421 
0.7810  0.3421 
0.7905  0.3421 
0.8000  0.3421 
0.8095  0.3158 
0.8190  0.2895 
0.8286  0.2895 
0.8381  0.2895 
0.8476  0.2632 
0.8571  0.2368 
0.8667  0.2105 
0.8762  0.2105 
0.8857  0.2105 
0.8952  0.1842 
0.9048  0.1842 
0.9143  0.1579 
0.9238  0.1579 
0.9333  0.1316 
0.9429  0.1316 
0.9524  0.1053 
0.9619  0.0789 
0.9714  0.0526 
0.9810  0.0263 
0.9905  0.0000 
1.0000  0.0000 
