0.0000  1.0000 
0.0196  0.9412 
0.0392  0.8824 
0.0588  0.8824 
0.0784  0.8824 
0.0980  0.7647 
0.1176  0.7059 
0.1373  0.6471 
0.1569  0.5882 
0.1765  0.5882 
0.1961  0.5294 
0.2157  0.5294 
0.2353  0.4706 
0.2549  0.4706 
0.2745  0.4706 
0.2941  0.4118 
0.3137  0.4118 
0.3333  0.4118 
0.3529  0.3529 
0.3725  0.3529 
0.3922  0.3529 
0.4118  0.3529 
0.4314  0.2941 
0.4510  0.2941 
0.4706  0.2941 
0.4902  0.2941 
0.5098  0.2353 
0.5294  0.2353 
0.5490  0.2353 
0.5686  0.2353 
0.5882  0.2353 
0.6078  0.2353 
0.6275  0.2353 
0.6471  0.2353 
0.6667  0.2353 
0.6863  0.1765 
0.7059  0.1765 
0.7255  0.1765 
0.7451  0.1765 
0.7647  0.1765 
0.7843  0.1765 
0.8039  0.1176 
0.8235  0.1176 
0.8431  0.1176 
0.8627  0.1176 
0.8824  0.0588 
0.9020  0.0588 
0.9216  0.0588 
0.9412  0.0588 
0.9608  0.0588 
0.9804  0.0000 
1.0000  0.0000 
