0.0000  1.0000 
0.0054  0.9474 
0.0108  0.9474 
0.0161  0.9474 
0.0215  0.9474 
0.0269  0.9474 
0.0323  0.9474 
0.0376  0.9474 
0.0430  0.9474 
0.0484  0.9474 
0.0538  0.9474 
0.0591  0.9474 
0.0645  0.9474 
0.0699  0.9474 
0.0753  0.9474 
0.0806  0.9474 
0.0860  0.9474 
0.0914  0.9474 
0.0968  0.9474 
0.1022  0.9474 
0.1075  0.9474 
0.1129  0.9474 
0.1183  0.8947 
0.1237  0.8947 
0.1290  0.8947 
0.1344  0.8947 
0.1398  0.8947 
0.1452  0.8947 
0.1505  0.8947 
0.1559  0.8947 
0.1613  0.8947 
0.1667  0.8947 
0.1720  0.8947 
0.1774  0.8421 
0.1828  0.8421 
0.1882  0.8421 
0.1935  0.8421 
0.1989  0.8421 
0.2043  0.8421 
0.2097  0.8421 
0.2151  0.8421 
0.2204  0.8421 
0.2258  0.8421 
0.2312  0.8421 
0.2366  0.8421 
0.2419  0.8421 
0.2473  0.8421 
0.2527  0.8421 
0.2581  0.8421 
0.2634  0.8421 
0.2688  0.8421 
0.2742  0.8421 
0.2796  0.8421 
0.2849  0.8421 
0.2903  0.8421 
0.2957  0.8421 
0.3011  0.8421 
0.3065  0.8421 
0.3118  0.8421 
0.3172  0.8421 
0.3226  0.8421 
0.3280  0.8421 
0.3333  0.8421 
0.3387  0.8421 
0.3441  0.8421 
0.3495  0.8421 
0.3548  0.8421 
0.3602  0.8421 
0.3656  0.8421 
0.3710  0.8421 
0.3763  0.8421 
0.3817  0.8421 
0.3871  0.8421 
0.3925  0.8421 
0.3978  0.8421 
0.4032  0.8421 
0.4086  0.7895 
0.4140  0.7368 
0.4194  0.6842 
0.4247  0.6842 
0.4301  0.6842 
0.4355  0.6316 
0.4409  0.6316 
0.4462  0.6316 
0.4516  0.6316 
0.4570  0.6316 
0.4624  0.6316 
0.4677  0.6316 
0.4731  0.6316 
0.4785  0.6316 
0.4839  0.6316 
0.4892  0.6316 
0.4946  0.6316 
0.5000  0.6316 
0.5054  0.6316 
0.5108  0.6316 
0.5161  0.6316 
0.5215  0.6316 
0.5269  0.6316 
0.5323  0.6316 
0.5376  0.6316 
0.5430  0.6316 
0.5484  0.6316 
0.5538  0.6316 
0.5591  0.6316 
0.5645  0.6316 
0.5699  0.6316 
0.5753  0.6316 
0.5806  0.6316 
0.5860  0.5789 
0.5914  0.5789 
0.5968  0.5789 
0.6022  0.5789 
0.6075  0.5789 
0.6129  0.5789 
0.6183  0.5789 
0.6237  0.5789 
0.6290  0.5789 
0.6344  0.5789 
0.6398  0.5789 
0.6452  0.5789 
0.6505  0.5789 
0.6559  0.5789 
0.6613  0.5789 
0.6667  0.5789 
0.6720  0.5263 
0.6774  0.5263 
0.6828  0.5263 
0.6882  0.5263 
0.6935  0.5263 
0.6989  0.5263 
0.7043  0.4737 
0.7097  0.4737 
0.7151  0.4737 
0.7204  0.4737 
0.7258  0.4737 
0.7312  0.4737 
0.7366  0.4737 
0.7419  0.4737 
0.7473  0.4737 
0.7527  0.4737 
0.7581  0.4737 
0.7634  0.4737 
0.7688  0.4737 
0.7742  0.4737 
0.7796  0.4737 
0.7849  0.4737 
0.7903  0.4737 
0.7957  0.4737 
0.8011  0.4737 
0.8065  0.4737 
0.8118  0.4737 
0.8172  0.4737 
0.8226  0.4737 
0.8280  0.4737 
0.8333  0.4737 
0.8387  0.4737 
0.8441  0.4737 
0.8495  0.4737 
0.8548  0.4737 
0.8602  0.4737 
0.8656  0.4737 
0.8710  0.4211 
0.8763  0.4211 
0.8817  0.4211 
0.8871  0.3684 
0.8925  0.3684 
0.8978  0.3684 
0.9032  0.3684 
0.9086  0.3684 
0.9140  0.3684 
0.9194  0.3684 
0.9247  0.3684 
0.9301  0.3684 
0.9355  0.3684 
0.9409  0.3158 
0.9462  0.2632 
0.9516  0.2632 
0.9570  0.2632 
0.9624  0.2105 
0.9677  0.2105 
0.9731  0.2105 
0.9785  0.1579 
0.9839  0.1053 
0.9892  0.0526 
0.9946  0.0000 
1.0000  0.0000 
