0.0000  1.0000 
0.0233  0.9000 
0.0465  0.9000 
0.0698  0.8667 
0.0930  0.8667 
0.1163  0.8667 
0.1395  0.8333 
0.1628  0.8333 
0.1860  0.8000 
0.2093  0.8000 
0.2326  0.8000 
0.2558  0.8000 
0.2791  0.8000 
0.3023  0.8000 
0.3256  0.7333 
0.3488  0.7333 
0.3721  0.7333 
0.3953  0.7333 
0.4186  0.6667 
0.4419  0.6667 
0.4651  0.6333 
0.4884  0.6333 
0.5116  0.6333 
0.5349  0.6333 
0.5581  0.6000 
0.5814  0.5667 
0.6047  0.5333 
0.6279  0.5333 
0.6512  0.5000 
0.6744  0.4333 
0.6977  0.4333 
0.7209  0.4000 
0.7442  0.3000 
0.7674  0.2667 
0.7907  0.2667 
0.8140  0.2333 
0.8372  0.2000 
0.8605  0.1667 
0.8837  0.1333 
0.9070  0.1000 
0.9302  0.0667 
0.9535  0.0333 
0.9767  0.0000 
1.0000  0.0000 
