0.0000  1.0000 
0.0233  1.0000 
0.0465  1.0000 
0.0698  1.0000 
0.0930  0.9286 
0.1163  0.8571 
0.1395  0.8214 
0.1628  0.8214 
0.1860  0.7857 
0.2093  0.7857 
0.2326  0.7857 
0.2558  0.7857 
0.2791  0.6071 
0.3023  0.5714 
0.3256  0.5357 
0.3488  0.5000 
0.3721  0.5000 
0.3953  0.5000 
0.4186  0.5000 
0.4419  0.5000 
0.4651  0.5000 
0.4884  0.5000 
0.5116  0.4643 
0.5349  0.4286 
0.5581  0.4286 
0.5814  0.3214 
0.6047  0.2857 
0.6279  0.2857 
0.6512  0.2857 
0.6744  0.2857 
0.6977  0.2857 
0.7209  0.2500 
0.7442  0.2500 
0.7674  0.2143 
0.7907  0.2143 
0.8140  0.1786 
0.8372  0.1786 
0.8605  0.1786 
0.8837  0.1429 
0.9070  0.1071 
0.9302  0.0714 
0.9535  0.0357 
0.9767  0.0000 
1.0000  0.0000 
