0.0000  1.0000 
0.0110  0.8889 
0.0220  0.8889 
0.0330  0.8889 
0.0440  0.8333 
0.0549  0.8333 
0.0659  0.8333 
0.0769  0.7778 
0.0879  0.7778 
0.0989  0.7778 
0.1099  0.7778 
0.1209  0.7778 
0.1319  0.7778 
0.1429  0.7778 
0.1538  0.7778 
0.1648  0.7778 
0.1758  0.7778 
0.1868  0.7778 
0.1978  0.7778 
0.2088  0.7778 
0.2198  0.7778 
0.2308  0.7778 
0.2418  0.7778 
0.2527  0.7222 
0.2637  0.7222 
0.2747  0.7222 
0.2857  0.7222 
0.2967  0.7222 
0.3077  0.7222 
0.3187  0.7222 
0.3297  0.7222 
0.3407  0.7222 
0.3516  0.7222 
0.3626  0.7222 
0.3736  0.7222 
0.3846  0.7222 
0.3956  0.7222 
0.4066  0.7222 
0.4176  0.7222 
0.4286  0.6667 
0.4396  0.6667 
0.4505  0.6111 
0.4615  0.5556 
0.4725  0.5556 
0.4835  0.5556 
0.4945  0.5556 
0.5055  0.5556 
0.5165  0.5556 
0.5275  0.5556 
0.5385  0.5556 
0.5495  0.5556 
0.5604  0.5556 
0.5714  0.5556 
0.5824  0.5556 
0.5934  0.5556 
0.6044  0.5556 
0.6154  0.5556 
0.6264  0.5556 
0.6374  0.5556 
0.6484  0.5556 
0.6593  0.5556 
0.6703  0.5556 
0.6813  0.5556 
0.6923  0.5556 
0.7033  0.5556 
0.7143  0.5556 
0.7253  0.5556 
0.7363  0.5556 
0.7473  0.5000 
0.7582  0.5000 
0.7692  0.5000 
0.7802  0.5000 
0.7912  0.5000 
0.8022  0.4444 
0.8132  0.4444 
0.8242  0.4444 
0.8352  0.4444 
0.8462  0.4444 
0.8571  0.4444 
0.8681  0.4444 
0.8791  0.4444 
0.8901  0.4444 
0.9011  0.3889 
0.9121  0.3333 
0.9231  0.2778 
0.9341  0.2778 
0.9451  0.2222 
0.9560  0.1667 
0.9670  0.1111 
0.9780  0.0556 
0.9890  0.0000 
1.0000  0.0000 
