0.0000  1.0000 
0.0098  1.0000 
0.0196  1.0000 
0.0294  1.0000 
0.0392  1.0000 
0.0490  1.0000 
0.0588  1.0000 
0.0686  1.0000 
0.0784  1.0000 
0.0882  1.0000 
0.0980  1.0000 
0.1078  1.0000 
0.1176  1.0000 
0.1275  1.0000 
0.1373  1.0000 
0.1471  1.0000 
0.1569  1.0000 
0.1667  1.0000 
0.1765  1.0000 
0.1863  1.0000 
0.1961  1.0000 
0.2059  1.0000 
0.2157  1.0000 
0.2255  1.0000 
0.2353  1.0000 
0.2451  1.0000 
0.2549  0.9167 
0.2647  0.9167 
0.2745  0.9167 
0.2843  0.9167 
0.2941  0.9167 
0.3039  0.9167 
0.3137  0.9167 
0.3235  0.9167 
0.3333  0.9167 
0.3431  0.9167 
0.3529  0.9167 
0.3627  0.9167 
0.3725  0.9167 
0.3824  0.9167 
0.3922  0.9167 
0.4020  0.9167 
0.4118  0.9167 
0.4216  0.9167 
0.4314  0.9167 
0.4412  0.9167 
0.4510  0.9167 
0.4608  0.9167 
0.4706  0.9167 
0.4804  0.9167 
0.4902  0.9167 
0.5000  0.9167 
0.5098  0.9167 
0.5196  0.9167 
0.5294  0.9167 
0.5392  0.9167 
0.5490  0.9167 
0.5588  0.9167 
0.5686  0.9167 
0.5784  0.9167 
0.5882  0.9167 
0.5980  0.9167 
0.6078  0.9167 
0.6176  0.9167 
0.6275  0.9167 
0.6373  0.8333 
0.6471  0.7500 
0.6569  0.6667 
0.6667  0.6667 
0.6765  0.6667 
0.6863  0.6667 
0.6961  0.6667 
0.7059  0.6667 
0.7157  0.6667 
0.7255  0.6667 
0.7353  0.6667 
0.7451  0.6667 
0.7549  0.6667 
0.7647  0.6667 
0.7745  0.5833 
0.7843  0.5833 
0.7941  0.5833 
0.8039  0.5833 
0.8137  0.5833 
0.8235  0.5833 
0.8333  0.5833 
0.8431  0.5833 
0.8529  0.5000 
0.8627  0.5000 
0.8725  0.5000 
0.8824  0.5000 
0.8922  0.4167 
0.9020  0.4167 
0.9118  0.4167 
0.9216  0.4167 
0.9314  0.3333 
0.9412  0.3333 
0.9510  0.2500 
0.9608  0.2500 
0.9706  0.1667 
0.9804  0.0833 
0.9902  0.0000 
1.0000  0.0000 
