0.0000  1.0000 
0.0078  1.0000 
0.0156  0.9615 
0.0234  0.9615 
0.0312  0.8846 
0.0391  0.8846 
0.0469  0.8846 
0.0547  0.8846 
0.0625  0.8846 
0.0703  0.8077 
0.0781  0.8077 
0.0859  0.7308 
0.0938  0.7308 
0.1016  0.7308 
0.1094  0.6538 
0.1172  0.6538 
0.1250  0.5769 
0.1328  0.5769 
0.1406  0.5769 
0.1484  0.5769 
0.1562  0.5769 
0.1641  0.5769 
0.1719  0.5769 
0.1797  0.5769 
0.1875  0.5769 
0.1953  0.5769 
0.2031  0.5769 
0.2109  0.5769 
0.2188  0.5769 
0.2266  0.5769 
0.2344  0.5385 
0.2422  0.5385 
0.2500  0.5385 
0.2578  0.5385 
0.2656  0.5385 
0.2734  0.5385 
0.2812  0.5385 
0.2891  0.5385 
0.2969  0.5385 
0.3047  0.5385 
0.3125  0.5385 
0.3203  0.5385 
0.3281  0.5385 
0.3359  0.5385 
0.3438  0.5385 
0.3516  0.5385 
0.3594  0.5385 
0.3672  0.5385 
0.3750  0.5385 
0.3828  0.5385 
0.3906  0.5385 
0.3984  0.5385 
0.4062  0.5000 
0.4141  0.5000 
0.4219  0.5000 
0.4297  0.4615 
0.4375  0.4231 
0.4453  0.4231 
0.4531  0.4231 
0.4609  0.4231 
0.4688  0.4231 
0.4766  0.4231 
0.4844  0.4231 
0.4922  0.4231 
0.5000  0.4231 
0.5078  0.4231 
0.5156  0.4231 
0.5234  0.4231 
0.5312  0.4231 
0.5391  0.3846 
0.5469  0.3846 
0.5547  0.3846 
0.5625  0.3846 
0.5703  0.3846 
0.5781  0.3846 
0.5859  0.3846 
0.5938  0.3846 
0.6016  0.3846 
0.6094  0.3846 
0.6172  0.3846 
0.6250  0.3846 
0.6328  0.3846 
0.6406  0.3846 
0.6484  0.3846 
0.6562  0.3846 
0.6641  0.3846 
0.6719  0.3846 
0.6797  0.3846 
0.6875  0.3846 
0.6953  0.3846 
0.7031  0.3846 
0.7109  0.3846 
0.7188  0.3846 
0.7266  0.3846 
0.7344  0.3462 
0.7422  0.3462 
0.7500  0.3462 
0.7578  0.3462 
0.7656  0.3462 
0.7734  0.3462 
0.7812  0.3077 
0.7891  0.3077 
0.7969  0.3077 
0.8047  0.3077 
0.8125  0.3077 
0.8203  0.3077 
0.8281  0.3077 
0.8359  0.3077 
0.8438  0.2692 
0.8516  0.2692 
0.8594  0.2308 
0.8672  0.2308 
0.8750  0.2308 
0.8828  0.1923 
0.8906  0.1923 
0.8984  0.1923 
0.9062  0.1923 
0.9141  0.1538 
0.9219  0.1538 
0.9297  0.1154 
0.9375  0.1154 
0.9453  0.1154 
0.9531  0.1154 
0.9609  0.1154 
0.9688  0.1154 
0.9766  0.0769 
0.9844  0.0385 
0.9922  0.0000 
1.0000  0.0000 
