0.0000  1.0000 
0.0132  1.0000 
0.0263  1.0000 
0.0395  1.0000 
0.0526  1.0000 
0.0658  1.0000 
0.0789  1.0000 
0.0921  0.9677 
0.1053  0.9677 
0.1184  0.9677 
0.1316  0.9677 
0.1447  0.9677 
0.1579  0.9677 
0.1711  0.9677 
0.1842  0.9677 
0.1974  0.9677 
0.2105  0.9677 
0.2237  0.9677 
0.2368  0.9677 
0.2500  0.9677 
0.2632  0.9355 
0.2763  0.9355 
0.2895  0.9032 
0.3026  0.9032 
0.3158  0.9032 
0.3289  0.9032 
0.3421  0.8710 
0.3553  0.8710 
0.3684  0.8710 
0.3816  0.8710 
0.3947  0.8710 
0.4079  0.8710 
0.4211  0.8710 
0.4342  0.8710 
0.4474  0.8710 
0.4605  0.8387 
0.4737  0.8387 
0.4868  0.8065 
0.5000  0.8065 
0.5132  0.8065 
0.5263  0.7742 
0.5395  0.7742 
0.5526  0.7742 
0.5658  0.7742 
0.5789  0.7419 
0.5921  0.7419 
0.6053  0.7097 
0.6184  0.7097 
0.6316  0.7097 
0.6447  0.7097 
0.6579  0.6774 
0.6711  0.6452 
0.6842  0.6452 
0.6974  0.6129 
0.7105  0.6129 
0.7237  0.5484 
0.7368  0.5161 
0.7500  0.5161 
0.7632  0.5161 
0.7763  0.5161 
0.7895  0.5161 
0.8026  0.4516 
0.8158  0.3871 
0.8289  0.3226 
0.8421  0.2903 
0.8553  0.2581 
0.8684  0.2258 
0.8816  0.1935 
0.8947  0.1935 
0.9079  0.1613 
0.9211  0.1613 
0.9342  0.1290 
0.9474  0.0968 
0.9605  0.0645 
0.9737  0.0323 
0.9868  0.0000 
1.0000  0.0000 
