0.0000  1.0000 
0.0278  0.8596 
0.0556  0.8421 
0.0833  0.8246 
0.1111  0.7895 
0.1389  0.7895 
0.1667  0.7895 
0.1944  0.7895 
0.2222  0.7895 
0.2500  0.7544 
0.2778  0.7544 
0.3056  0.7544 
0.3333  0.7368 
0.3611  0.7368 
0.3889  0.7018 
0.4167  0.7018 
0.4444  0.5439 
0.4722  0.4561 
0.5000  0.4035 
0.5278  0.4035 
0.5556  0.3860 
0.5833  0.3509 
0.6111  0.3158 
0.6389  0.3158 
0.6667  0.2982 
0.6944  0.2807 
0.7222  0.2632 
0.7500  0.2105 
0.7778  0.1754 
0.8056  0.1579 
0.8333  0.1404 
0.8611  0.1228 
0.8889  0.0877 
0.9167  0.0526 
0.9444  0.0351 
0.9722  0.0000 
1.0000  0.0000 
