0.0000  1.0000 
0.0179  0.8889 
0.0357  0.8889 
0.0536  0.8889 
0.0714  0.8889 
0.0893  0.8889 
0.1071  0.8889 
0.1250  0.8889 
0.1429  0.8889 
0.1607  0.8889 
0.1786  0.8889 
0.1964  0.8889 
0.2143  0.8889 
0.2321  0.8889 
0.2500  0.8889 
0.2679  0.8889 
0.2857  0.8889 
0.3036  0.8889 
0.3214  0.8889 
0.3393  0.8889 
0.3571  0.8889 
0.3750  0.8889 
0.3929  0.8889 
0.4107  0.8889 
0.4286  0.8889 
0.4464  0.8889 
0.4643  0.8889 
0.4821  0.8889 
0.5000  0.8889 
0.5179  0.8889 
0.5357  0.8889 
0.5536  0.8889 
0.5714  0.8889 
0.5893  0.8889 
0.6071  0.7778 
0.6250  0.7778 
0.6429  0.7778 
0.6607  0.7778 
0.6786  0.6667 
0.6964  0.6667 
0.7143  0.6667 
0.7321  0.6667 
0.7500  0.6667 
0.7679  0.5556 
0.7857  0.4444 
0.8036  0.4444 
0.8214  0.4444 
0.8393  0.4444 
0.8571  0.4444 
0.8750  0.3333 
0.8929  0.3333 
0.9107  0.2222 
0.9286  0.2222 
0.9464  0.1111 
0.9643  0.1111 
0.9821  0.0000 
1.0000  0.0000 
