0.0000  1.0000 
0.0179  1.0000 
0.0357  1.0000 
0.0536  1.0000 
0.0714  1.0000 
0.0893  1.0000 
0.1071  1.0000 
0.1250  1.0000 
0.1429  1.0000 
0.1607  1.0000 
0.1786  1.0000 
0.1964  1.0000 
0.2143  1.0000 
0.2321  1.0000 
0.2500  1.0000 
0.2679  1.0000 
0.2857  1.0000 
0.3036  1.0000 
0.3214  1.0000 
0.3393  1.0000 
0.3571  1.0000 
0.3750  1.0000 
0.3929  1.0000 
0.4107  1.0000 
0.4286  1.0000 
0.4464  1.0000 
0.4643  1.0000 
0.4821  1.0000 
0.5000  1.0000 
0.5179  1.0000 
0.5357  1.0000 
0.5536  1.0000 
0.5714  1.0000 
0.5893  1.0000 
0.6071  1.0000 
0.6250  1.0000 
0.6429  1.0000 
0.6607  0.8750 
0.6786  0.7500 
0.6964  0.7500 
0.7143  0.6250 
0.7321  0.6250 
0.7500  0.6250 
0.7679  0.6250 
0.7857  0.6250 
0.8036  0.5000 
0.8214  0.5000 
0.8393  0.5000 
0.8571  0.5000 
0.8750  0.3750 
0.8929  0.3750 
0.9107  0.2500 
0.9286  0.2500 
0.9464  0.1250 
0.9643  0.1250 
0.9821  0.0000 
1.0000  0.0000 
