0.0000  1.0000 
0.0127  1.0000 
0.0253  1.0000 
0.0380  1.0000 
0.0506  0.9200 
0.0633  0.8800 
0.0759  0.8800 
0.0886  0.8800 
0.1013  0.8800 
0.1139  0.8400 
0.1266  0.8000 
0.1392  0.8000 
0.1519  0.8000 
0.1646  0.8000 
0.1772  0.8000 
0.1899  0.8000 
0.2025  0.8000 
0.2152  0.8000 
0.2278  0.8000 
0.2405  0.8000 
0.2532  0.7600 
0.2658  0.7600 
0.2785  0.7600 
0.2911  0.7600 
0.3038  0.7600 
0.3165  0.7200 
0.3291  0.6800 
0.3418  0.6800 
0.3544  0.6400 
0.3671  0.6000 
0.3797  0.6000 
0.3924  0.6000 
0.4051  0.6000 
0.4177  0.6000 
0.4304  0.6000 
0.4430  0.6000 
0.4557  0.6000 
0.4684  0.5600 
0.4810  0.4800 
0.4937  0.4800 
0.5063  0.4800 
0.5190  0.4800 
0.5316  0.4800 
0.5443  0.4800 
0.5570  0.4400 
0.5696  0.4400 
0.5823  0.4000 
0.5949  0.4000 
0.6076  0.4000 
0.6203  0.4000 
0.6329  0.4000 
0.6456  0.4000 
0.6582  0.3600 
0.6709  0.3600 
0.6835  0.3600 
0.6962  0.3600 
0.7089  0.3600 
0.7215  0.3600 
0.7342  0.3600 
0.7468  0.3600 
0.7595  0.3600 
0.7722  0.3600 
0.7848  0.3200 
0.7975  0.2400 
0.8101  0.2400 
0.8228  0.2400 
0.8354  0.2400 
0.8481  0.2000 
0.8608  0.1600 
0.8734  0.1600 
0.8861  0.1600 
0.8987  0.1600 
0.9114  0.1200 
0.9241  0.1200 
0.9367  0.0800 
0.9494  0.0800 
0.9620  0.0400 
0.9747  0.0400 
0.9873  0.0000 
1.0000  0.0000 
