0.0000  1.0000 
0.0263  1.0000 
0.0526  1.0000 
0.0789  1.0000 
0.1053  1.0000 
0.1316  1.0000 
0.1579  1.0000 
0.1842  1.0000 
0.2105  1.0000 
0.2368  1.0000 
0.2632  1.0000 
0.2895  1.0000 
0.3158  1.0000 
0.3421  1.0000 
0.3684  1.0000 
0.3947  1.0000 
0.4211  1.0000 
0.4474  0.8182 
0.4737  0.8182 
0.5000  0.8182 
0.5263  0.8182 
0.5526  0.8182 
0.5789  0.8182 
0.6053  0.7273 
0.6316  0.6364 
0.6579  0.5455 
0.6842  0.5455 
0.7105  0.5455 
0.7368  0.4545 
0.7632  0.4545 
0.7895  0.4545 
0.8158  0.3636 
0.8421  0.3636 
0.8684  0.3636 
0.8947  0.2727 
0.9211  0.1818 
0.9474  0.0909 
0.9737  0.0000 
1.0000  0.0000 
