0.0000  1.0000 
0.0118  0.9750 
0.0235  0.9750 
0.0353  0.9500 
0.0471  0.9500 
0.0588  0.9500 
0.0706  0.9500 
0.0824  0.9250 
0.0941  0.8750 
0.1059  0.8500 
0.1176  0.8500 
0.1294  0.7750 
0.1412  0.7750 
0.1529  0.7750 
0.1647  0.7750 
0.1765  0.7750 
0.1882  0.7750 
0.2000  0.7250 
0.2118  0.7000 
0.2235  0.7000 
0.2353  0.7000 
0.2471  0.7000 
0.2588  0.7000 
0.2706  0.7000 
0.2824  0.7000 
0.2941  0.7000 
0.3059  0.7000 
0.3176  0.7000 
0.3294  0.6750 
0.3412  0.6750 
0.3529  0.6750 
0.3647  0.6750 
0.3765  0.6750 
0.3882  0.6750 
0.4000  0.6750 
0.4118  0.6500 
0.4235  0.6250 
0.4353  0.6250 
0.4471  0.6250 
0.4588  0.6250 
0.4706  0.6250 
0.4824  0.6000 
0.4941  0.6000 
0.5059  0.6000 
0.5176  0.6000 
0.5294  0.6000 
0.5412  0.6000 
0.5529  0.6000 
0.5647  0.5750 
0.5765  0.5750 
0.5882  0.5500 
0.6000  0.5500 
0.6118  0.5250 
0.6235  0.5000 
0.6353  0.5000 
0.6471  0.4750 
0.6588  0.4750 
0.6706  0.4500 
0.6824  0.4500 
0.6941  0.4250 
0.7059  0.4250 
0.7176  0.4000 
0.7294  0.4000 
0.7412  0.4000 
0.7529  0.3750 
0.7647  0.3750 
0.7765  0.3750 
0.7882  0.3500 
0.8000  0.3250 
0.8118  0.3000 
0.8235  0.2750 
0.8353  0.2750 
0.8471  0.2500 
0.8588  0.2500 
0.8706  0.2500 
0.8824  0.2250 
0.8941  0.2000 
0.9059  0.1750 
0.9176  0.1500 
0.9294  0.1500 
0.9412  0.1250 
0.9529  0.1000 
0.9647  0.0500 
0.9765  0.0250 
0.9882  0.0000 
1.0000  0.0000 
