0.0000  1.0000 
0.0303  1.0000 
0.0606  1.0000 
0.0909  0.7143 
0.1212  0.7143 
0.1515  0.7143 
0.1818  0.7143 
0.2121  0.7143 
0.2424  0.7143 
0.2727  0.5714 
0.3030  0.5714 
0.3333  0.5714 
0.3636  0.5714 
0.3939  0.5714 
0.4242  0.5714 
0.4545  0.4286 
0.4848  0.4286 
0.5152  0.4286 
0.5455  0.4286 
0.5758  0.4286 
0.6061  0.4286 
0.6364  0.4286 
0.6667  0.4286 
0.6970  0.4286 
0.7273  0.4286 
0.7576  0.4286 
0.7879  0.4286 
0.8182  0.4286 
0.8485  0.2857 
0.8788  0.2857 
0.9091  0.2857 
0.9394  0.1429 
0.9697  0.0000 
1.0000  0.0000 
