0.0000  1.0000 
0.0072  0.9750 
0.0144  0.9750 
0.0216  0.9500 
0.0288  0.9250 
0.0360  0.9250 
0.0432  0.9250 
0.0504  0.9250 
0.0576  0.9250 
0.0647  0.9000 
0.0719  0.9000 
0.0791  0.9000 
0.0863  0.9000 
0.0935  0.9000 
0.1007  0.9000 
0.1079  0.9000 
0.1151  0.9000 
0.1223  0.9000 
0.1295  0.9000 
0.1367  0.9000 
0.1439  0.9000 
0.1511  0.9000 
0.1583  0.9000 
0.1655  0.9000 
0.1727  0.9000 
0.1799  0.8750 
0.1871  0.8750 
0.1942  0.8750 
0.2014  0.8750 
0.2086  0.8500 
0.2158  0.8500 
0.2230  0.8500 
0.2302  0.8500 
0.2374  0.8500 
0.2446  0.8500 
0.2518  0.8500 
0.2590  0.8500 
0.2662  0.8500 
0.2734  0.8500 
0.2806  0.8500 
0.2878  0.8250 
0.2950  0.8250 
0.3022  0.8250 
0.3094  0.8000 
0.3165  0.7750 
0.3237  0.7750 
0.3309  0.7250 
0.3381  0.7250 
0.3453  0.7250 
0.3525  0.7250 
0.3597  0.7250 
0.3669  0.7250 
0.3741  0.7250 
0.3813  0.7250 
0.3885  0.7250 
0.3957  0.7250 
0.4029  0.7250 
0.4101  0.7250 
0.4173  0.7000 
0.4245  0.7000 
0.4317  0.7000 
0.4388  0.6750 
0.4460  0.6750 
0.4532  0.6750 
0.4604  0.6750 
0.4676  0.6750 
0.4748  0.6500 
0.4820  0.6250 
0.4892  0.6250 
0.4964  0.6250 
0.5036  0.6250 
0.5108  0.6000 
0.5180  0.6000 
0.5252  0.5750 
0.5324  0.5500 
0.5396  0.5500 
0.5468  0.5500 
0.5540  0.5500 
0.5612  0.5500 
0.5683  0.5500 
0.5755  0.5500 
0.5827  0.5500 
0.5899  0.5500 
0.5971  0.5500 
0.6043  0.5500 
0.6115  0.5500 
0.6187  0.5500 
0.6259  0.5500 
0.6331  0.5500 
0.6403  0.5500 
0.6475  0.5250 
0.6547  0.5250 
0.6619  0.5250 
0.6691  0.5250 
0.6763  0.5250 
0.6835  0.5000 
0.6906  0.5000 
0.6978  0.4750 
0.7050  0.4750 
0.7122  0.4500 
0.7194  0.4500 
0.7266  0.4500 
0.7338  0.4500 
0.7410  0.4500 
0.7482  0.4500 
0.7554  0.4500 
0.7626  0.4500 
0.7698  0.4500 
0.7770  0.4250 
0.7842  0.4000 
0.7914  0.3750 
0.7986  0.3500 
0.8058  0.3250 
0.8129  0.3000 
0.8201  0.3000 
0.8273  0.3000 
0.8345  0.2750 
0.8417  0.2500 
0.8489  0.2250 
0.8561  0.2250 
0.8633  0.2000 
0.8705  0.1750 
0.8777  0.1750 
0.8849  0.1750 
0.8921  0.1750 
0.8993  0.1750 
0.9065  0.1500 
0.9137  0.1500 
0.9209  0.1500 
0.9281  0.1500 
0.9353  0.1500 
0.9424  0.1250 
0.9496  0.1000 
0.9568  0.0750 
0.9640  0.0500 
0.9712  0.0250 
0.9784  0.0250 
0.9856  0.0250 
0.9928  0.0000 
1.0000  0.0000 
