0.0000  1.0000 
0.0139  0.9048 
0.0278  0.8571 
0.0417  0.8095 
0.0556  0.7619 
0.0694  0.7619 
0.0833  0.6667 
0.0972  0.6190 
0.1111  0.5714 
0.1250  0.5714 
0.1389  0.5238 
0.1528  0.4762 
0.1667  0.4762 
0.1806  0.4286 
0.1944  0.4286 
0.2083  0.4286 
0.2222  0.3810 
0.2361  0.3333 
0.2500  0.2857 
0.2639  0.2857 
0.2778  0.2857 
0.2917  0.2381 
0.3056  0.2381 
0.3194  0.2381 
0.3333  0.1905 
0.3472  0.1905 
0.3611  0.1905 
0.3750  0.1905 
0.3889  0.1429 
0.4028  0.1429 
0.4167  0.1429 
0.4306  0.1429 
0.4444  0.1429 
0.4583  0.1429 
0.4722  0.1429 
0.4861  0.0952 
0.5000  0.0952 
0.5139  0.0952 
0.5278  0.0952 
0.5417  0.0952 
0.5556  0.0952 
0.5694  0.0952 
0.5833  0.0952 
0.5972  0.0952 
0.6111  0.0952 
0.6250  0.0952 
0.6389  0.0952 
0.6528  0.0952 
0.6667  0.0952 
0.6806  0.0952 
0.6944  0.0952 
0.7083  0.0952 
0.7222  0.0952 
0.7361  0.0952 
0.7500  0.0476 
0.7639  0.0476 
0.7778  0.0476 
0.7917  0.0476 
0.8056  0.0476 
0.8194  0.0476 
0.8333  0.0476 
0.8472  0.0476 
0.8611  0.0476 
0.8750  0.0476 
0.8889  0.0476 
0.9028  0.0476 
0.9167  0.0476 
0.9306  0.0476 
0.9444  0.0476 
0.9583  0.0476 
0.9722  0.0476 
0.9861  0.0000 
1.0000  0.0000 
