0.0000  1.0000 
0.0227  0.9231 
0.0455  0.8462 
0.0682  0.8462 
0.0909  0.7692 
0.1136  0.7692 
0.1364  0.7692 
0.1591  0.7692 
0.1818  0.7692 
0.2045  0.6923 
0.2273  0.6154 
0.2500  0.6154 
0.2727  0.6154 
0.2955  0.6154 
0.3182  0.6154 
0.3409  0.6154 
0.3636  0.5385 
0.3864  0.4615 
0.4091  0.4615 
0.4318  0.4615 
0.4545  0.4615 
0.4773  0.3846 
0.5000  0.3846 
0.5227  0.3846 
0.5455  0.3846 
0.5682  0.3077 
0.5909  0.3077 
0.6136  0.3077 
0.6364  0.3077 
0.6591  0.2308 
0.6818  0.2308 
0.7045  0.2308 
0.7273  0.2308 
0.7500  0.2308 
0.7727  0.2308 
0.7955  0.2308 
0.8182  0.2308 
0.8409  0.2308 
0.8636  0.1538 
0.8864  0.1538 
0.9091  0.0769 
0.9318  0.0769 
0.9545  0.0769 
0.9773  0.0000 
1.0000  0.0000 
