0.0000  1.0000 
0.0085  1.0000 
0.0169  0.9796 
0.0254  0.9796 
0.0339  0.9796 
0.0424  0.9796 
0.0508  0.9796 
0.0593  0.9592 
0.0678  0.9592 
0.0763  0.9592 
0.0847  0.9388 
0.0932  0.9388 
0.1017  0.9184 
0.1102  0.9184 
0.1186  0.9184 
0.1271  0.9184 
0.1356  0.8571 
0.1441  0.8571 
0.1525  0.8571 
0.1610  0.8571 
0.1695  0.8571 
0.1780  0.8571 
0.1864  0.8571 
0.1949  0.8571 
0.2034  0.8571 
0.2119  0.8571 
0.2203  0.8367 
0.2288  0.8163 
0.2373  0.7959 
0.2458  0.7959 
0.2542  0.7959 
0.2627  0.7755 
0.2712  0.7755 
0.2797  0.7755 
0.2881  0.7551 
0.2966  0.7551 
0.3051  0.7551 
0.3136  0.7551 
0.3220  0.7551 
0.3305  0.7551 
0.3390  0.7551 
0.3475  0.7551 
0.3559  0.7551 
0.3644  0.7551 
0.3729  0.7551 
0.3814  0.7551 
0.3898  0.7551 
0.3983  0.7551 
0.4068  0.7551 
0.4153  0.7551 
0.4237  0.7551 
0.4322  0.7551 
0.4407  0.7551 
0.4492  0.7551 
0.4576  0.7551 
0.4661  0.7551 
0.4746  0.7551 
0.4831  0.7551 
0.4915  0.7551 
0.5000  0.7551 
0.5085  0.7551 
0.5169  0.7347 
0.5254  0.7143 
0.5339  0.7143 
0.5424  0.6939 
0.5508  0.6939 
0.5593  0.6939 
0.5678  0.6939 
0.5763  0.6939 
0.5847  0.6939 
0.5932  0.6735 
0.6017  0.6735 
0.6102  0.6735 
0.6186  0.6735 
0.6271  0.6735 
0.6356  0.6531 
0.6441  0.6531 
0.6525  0.6122 
0.6610  0.5510 
0.6695  0.5510 
0.6780  0.5510 
0.6864  0.5306 
0.6949  0.5102 
0.7034  0.4898 
0.7119  0.4694 
0.7203  0.4490 
0.7288  0.4490 
0.7373  0.4286 
0.7458  0.4082 
0.7542  0.3878 
0.7627  0.3673 
0.7712  0.3469 
0.7797  0.3469 
0.7881  0.3469 
0.7966  0.3061 
0.8051  0.2857 
0.8136  0.2857 
0.8220  0.2857 
0.8305  0.2857 
0.8390  0.2653 
0.8475  0.2653 
0.8559  0.2449 
0.8644  0.2449 
0.8729  0.2245 
0.8814  0.2245 
0.8898  0.2041 
0.8983  0.1837 
0.9068  0.1633 
0.9153  0.1429 
0.9237  0.1429 
0.9322  0.1224 
0.9407  0.0816 
0.9492  0.0816 
0.9576  0.0612 
0.9661  0.0408 
0.9746  0.0204 
0.9831  0.0204 
0.9915  0.0000 
1.0000  0.0000 
