0.0000  1.0000 
0.0016  0.9541 
0.0033  0.9541 
0.0049  0.9450 
0.0066  0.9358 
0.0082  0.9266 
0.0099  0.9266 
0.0115  0.9174 
0.0131  0.9083 
0.0148  0.8991 
0.0164  0.8991 
0.0181  0.8807 
0.0197  0.8807 
0.0213  0.8807 
0.0230  0.8807 
0.0246  0.8807 
0.0263  0.8624 
0.0279  0.8532 
0.0296  0.8532 
0.0312  0.8532 
0.0328  0.8532 
0.0345  0.8532 
0.0361  0.8532 
0.0378  0.8440 
0.0394  0.8440 
0.0411  0.8440 
0.0427  0.8440 
0.0443  0.8440 
0.0460  0.8440 
0.0476  0.8440 
0.0493  0.8440 
0.0509  0.8349 
0.0525  0.8257 
0.0542  0.8165 
0.0558  0.8073 
0.0575  0.7982 
0.0591  0.7890 
0.0608  0.7890 
0.0624  0.7890 
0.0640  0.7890 
0.0657  0.7890 
0.0673  0.7890 
0.0690  0.7798 
0.0706  0.7798 
0.0722  0.7798 
0.0739  0.7798 
0.0755  0.7798 
0.0772  0.7798 
0.0788  0.7798 
0.0805  0.7798 
0.0821  0.7798 
0.0837  0.7798 
0.0854  0.7798 
0.0870  0.7798 
0.0887  0.7798 
0.0903  0.7798 
0.0920  0.7798 
0.0936  0.7798 
0.0952  0.7798 
0.0969  0.7798 
0.0985  0.7798 
0.1002  0.7798 
0.1018  0.7798 
0.1034  0.7798 
0.1051  0.7798 
0.1067  0.7798 
0.1084  0.7798 
0.1100  0.7798 
0.1117  0.7798 
0.1133  0.7798 
0.1149  0.7798 
0.1166  0.7798 
0.1182  0.7798 
0.1199  0.7798 
0.1215  0.7798 
0.1232  0.7706 
0.1248  0.7706 
0.1264  0.7706 
0.1281  0.7706 
0.1297  0.7706 
0.1314  0.7706 
0.1330  0.7706 
0.1346  0.7706 
0.1363  0.7706 
0.1379  0.7706 
0.1396  0.7706 
0.1412  0.7706 
0.1429  0.7706 
0.1445  0.7706 
0.1461  0.7706 
0.1478  0.7706 
0.1494  0.7706 
0.1511  0.7706 
0.1527  0.7615 
0.1544  0.7615 
0.1560  0.7615 
0.1576  0.7615 
0.1593  0.7523 
0.1609  0.7523 
0.1626  0.7523 
0.1642  0.7523 
0.1658  0.7523 
0.1675  0.7523 
0.1691  0.7523 
0.1708  0.7523 
0.1724  0.7523 
0.1741  0.7523 
0.1757  0.7523 
0.1773  0.7523 
0.1790  0.7523 
0.1806  0.7523 
0.1823  0.7523 
0.1839  0.7523 
0.1856  0.7523 
0.1872  0.7523 
0.1888  0.7523 
0.1905  0.7523 
0.1921  0.7523 
0.1938  0.7523 
0.1954  0.7523 
0.1970  0.7523 
0.1987  0.7523 
0.2003  0.7523 
0.2020  0.7523 
0.2036  0.7523 
0.2053  0.7523 
0.2069  0.7523 
0.2085  0.7523 
0.2102  0.7523 
0.2118  0.7523 
0.2135  0.7431 
0.2151  0.7431 
0.2167  0.7431 
0.2184  0.7431 
0.2200  0.7431 
0.2217  0.7431 
0.2233  0.7431 
0.2250  0.7431 
0.2266  0.7431 
0.2282  0.7431 
0.2299  0.7431 
0.2315  0.7431 
0.2332  0.7431 
0.2348  0.7431 
0.2365  0.7431 
0.2381  0.7339 
0.2397  0.7339 
0.2414  0.7339 
0.2430  0.7339 
0.2447  0.7339 
0.2463  0.7339 
0.2479  0.7248 
0.2496  0.7248 
0.2512  0.7248 
0.2529  0.7248 
0.2545  0.7248 
0.2562  0.7248 
0.2578  0.7248 
0.2594  0.7248 
0.2611  0.7248 
0.2627  0.7248 
0.2644  0.7248 
0.2660  0.7248 
0.2677  0.7248 
0.2693  0.7248 
0.2709  0.7248 
0.2726  0.7248 
0.2742  0.7248 
0.2759  0.7248 
0.2775  0.7248 
0.2791  0.7248 
0.2808  0.7248 
0.2824  0.7248 
0.2841  0.7248 
0.2857  0.7156 
0.2874  0.7064 
0.2890  0.6972 
0.2906  0.6972 
0.2923  0.6881 
0.2939  0.6881 
0.2956  0.6881 
0.2972  0.6881 
0.2989  0.6881 
0.3005  0.6881 
0.3021  0.6881 
0.3038  0.6789 
0.3054  0.6697 
0.3071  0.6697 
0.3087  0.6606 
0.3103  0.6606 
0.3120  0.6606 
0.3136  0.6606 
0.3153  0.6606 
0.3169  0.6606 
0.3186  0.6606 
0.3202  0.6606 
0.3218  0.6606 
0.3235  0.6606 
0.3251  0.6606 
0.3268  0.6606 
0.3284  0.6606 
0.3300  0.6606 
0.3317  0.6606 
0.3333  0.6606 
0.3350  0.6606 
0.3366  0.6606 
0.3383  0.6606 
0.3399  0.6606 
0.3415  0.6606 
0.3432  0.6606 
0.3448  0.6606 
0.3465  0.6606 
0.3481  0.6606 
0.3498  0.6606 
0.3514  0.6606 
0.3530  0.6606 
0.3547  0.6606 
0.3563  0.6606 
0.3580  0.6606 
0.3596  0.6606 
0.3612  0.6606 
0.3629  0.6606 
0.3645  0.6606 
0.3662  0.6606 
0.3678  0.6606 
0.3695  0.6606 
0.3711  0.6606 
0.3727  0.6606 
0.3744  0.6606 
0.3760  0.6606 
0.3777  0.6606 
0.3793  0.6606 
0.3810  0.6606 
0.3826  0.6606 
0.3842  0.6606 
0.3859  0.6514 
0.3875  0.6514 
0.3892  0.6514 
0.3908  0.6514 
0.3924  0.6514 
0.3941  0.6514 
0.3957  0.6514 
0.3974  0.6514 
0.3990  0.6514 
0.4007  0.6514 
0.4023  0.6514 
0.4039  0.6422 
0.4056  0.6422 
0.4072  0.6422 
0.4089  0.6422 
0.4105  0.6422 
0.4122  0.6422 
0.4138  0.6422 
0.4154  0.6422 
0.4171  0.6422 
0.4187  0.6422 
0.4204  0.6422 
0.4220  0.6422 
0.4236  0.6330 
0.4253  0.6330 
0.4269  0.6330 
0.4286  0.6330 
0.4302  0.6330 
0.4319  0.6330 
0.4335  0.6330 
0.4351  0.6330 
0.4368  0.6330 
0.4384  0.6330 
0.4401  0.6330 
0.4417  0.6330 
0.4433  0.6330 
0.4450  0.6330 
0.4466  0.6330 
0.4483  0.6330 
0.4499  0.6330 
0.4516  0.6330 
0.4532  0.6330 
0.4548  0.6330 
0.4565  0.6330 
0.4581  0.6330 
0.4598  0.6330 
0.4614  0.6330 
0.4631  0.6330 
0.4647  0.6330 
0.4663  0.6330 
0.4680  0.6330 
0.4696  0.6330 
0.4713  0.6330 
0.4729  0.6239 
0.4745  0.6239 
0.4762  0.6239 
0.4778  0.6239 
0.4795  0.6239 
0.4811  0.6239 
0.4828  0.6239 
0.4844  0.6239 
0.4860  0.6239 
0.4877  0.6239 
0.4893  0.6239 
0.4910  0.6147 
0.4926  0.6147 
0.4943  0.6147 
0.4959  0.6147 
0.4975  0.6147 
0.4992  0.6147 
0.5008  0.6147 
0.5025  0.6147 
0.5041  0.6147 
0.5057  0.6147 
0.5074  0.6147 
0.5090  0.6147 
0.5107  0.6147 
0.5123  0.6147 
0.5140  0.6055 
0.5156  0.6055 
0.5172  0.6055 
0.5189  0.6055 
0.5205  0.6055 
0.5222  0.6055 
0.5238  0.6055 
0.5255  0.6055 
0.5271  0.6055 
0.5287  0.6055 
0.5304  0.6055 
0.5320  0.6055 
0.5337  0.6055 
0.5353  0.6055 
0.5369  0.6055 
0.5386  0.5963 
0.5402  0.5963 
0.5419  0.5963 
0.5435  0.5963 
0.5452  0.5963 
0.5468  0.5963 
0.5484  0.5963 
0.5501  0.5872 
0.5517  0.5872 
0.5534  0.5780 
0.5550  0.5780 
0.5567  0.5780 
0.5583  0.5780 
0.5599  0.5780 
0.5616  0.5780 
0.5632  0.5780 
0.5649  0.5780 
0.5665  0.5688 
0.5681  0.5688 
0.5698  0.5688 
0.5714  0.5688 
0.5731  0.5688 
0.5747  0.5688 
0.5764  0.5688 
0.5780  0.5596 
0.5796  0.5596 
0.5813  0.5596 
0.5829  0.5596 
0.5846  0.5596 
0.5862  0.5596 
0.5878  0.5596 
0.5895  0.5596 
0.5911  0.5596 
0.5928  0.5596 
0.5944  0.5596 
0.5961  0.5596 
0.5977  0.5505 
0.5993  0.5505 
0.6010  0.5505 
0.6026  0.5505 
0.6043  0.5505 
0.6059  0.5505 
0.6076  0.5505 
0.6092  0.5505 
0.6108  0.5505 
0.6125  0.5505 
0.6141  0.5413 
0.6158  0.5413 
0.6174  0.5413 
0.6190  0.5413 
0.6207  0.5413 
0.6223  0.5413 
0.6240  0.5413 
0.6256  0.5413 
0.6273  0.5413 
0.6289  0.5413 
0.6305  0.5413 
0.6322  0.5413 
0.6338  0.5413 
0.6355  0.5413 
0.6371  0.5413 
0.6388  0.5413 
0.6404  0.5413 
0.6420  0.5413 
0.6437  0.5321 
0.6453  0.5321 
0.6470  0.5321 
0.6486  0.5321 
0.6502  0.5321 
0.6519  0.5321 
0.6535  0.5229 
0.6552  0.5229 
0.6568  0.5229 
0.6585  0.5229 
0.6601  0.5229 
0.6617  0.5229 
0.6634  0.5229 
0.6650  0.5229 
0.6667  0.5138 
0.6683  0.5138 
0.6700  0.5046 
0.6716  0.5046 
0.6732  0.5046 
0.6749  0.4954 
0.6765  0.4954 
0.6782  0.4954 
0.6798  0.4954 
0.6814  0.4954 
0.6831  0.4954 
0.6847  0.4954 
0.6864  0.4954 
0.6880  0.4954 
0.6897  0.4954 
0.6913  0.4954 
0.6929  0.4954 
0.6946  0.4862 
0.6962  0.4862 
0.6979  0.4862 
0.6995  0.4862 
0.7011  0.4862 
0.7028  0.4862 
0.7044  0.4862 
0.7061  0.4862 
0.7077  0.4862 
0.7094  0.4771 
0.7110  0.4771 
0.7126  0.4679 
0.7143  0.4679 
0.7159  0.4679 
0.7176  0.4679 
0.7192  0.4679 
0.7209  0.4679 
0.7225  0.4679 
0.7241  0.4679 
0.7258  0.4587 
0.7274  0.4587 
0.7291  0.4587 
0.7307  0.4587 
0.7323  0.4587 
0.7340  0.4495 
0.7356  0.4495 
0.7373  0.4404 
0.7389  0.4404 
0.7406  0.4404 
0.7422  0.4404 
0.7438  0.4404 
0.7455  0.4312 
0.7471  0.4220 
0.7488  0.4220 
0.7504  0.4220 
0.7521  0.4220 
0.7537  0.4220 
0.7553  0.4220 
0.7570  0.4220 
0.7586  0.4220 
0.7603  0.4220 
0.7619  0.4220 
0.7635  0.4128 
0.7652  0.4128 
0.7668  0.4037 
0.7685  0.4037 
0.7701  0.4037 
0.7718  0.4037 
0.7734  0.3945 
0.7750  0.3945 
0.7767  0.3853 
0.7783  0.3853 
0.7800  0.3853 
0.7816  0.3761 
0.7833  0.3761 
0.7849  0.3761 
0.7865  0.3670 
0.7882  0.3670 
0.7898  0.3670 
0.7915  0.3670 
0.7931  0.3670 
0.7947  0.3670 
0.7964  0.3670 
0.7980  0.3670 
0.7997  0.3670 
0.8013  0.3578 
0.8030  0.3578 
0.8046  0.3578 
0.8062  0.3486 
0.8079  0.3486 
0.8095  0.3486 
0.8112  0.3394 
0.8128  0.3394 
0.8144  0.3303 
0.8161  0.3303 
0.8177  0.3303 
0.8194  0.3303 
0.8210  0.3303 
0.8227  0.3303 
0.8243  0.3211 
0.8259  0.3211 
0.8276  0.3211 
0.8292  0.3211 
0.8309  0.3211 
0.8325  0.3211 
0.8342  0.3119 
0.8358  0.3119 
0.8374  0.3028 
0.8391  0.3028 
0.8407  0.3028 
0.8424  0.3028 
0.8440  0.3028 
0.8456  0.3028 
0.8473  0.3028 
0.8489  0.2936 
0.8506  0.2844 
0.8522  0.2844 
0.8539  0.2844 
0.8555  0.2844 
0.8571  0.2844 
0.8588  0.2844 
0.8604  0.2752 
0.8621  0.2752 
0.8637  0.2661 
0.8654  0.2661 
0.8670  0.2661 
0.8686  0.2661 
0.8703  0.2661 
0.8719  0.2661 
0.8736  0.2569 
0.8752  0.2569 
0.8768  0.2569 
0.8785  0.2569 
0.8801  0.2569 
0.8818  0.2569 
0.8834  0.2477 
0.8851  0.2477 
0.8867  0.2477 
0.8883  0.2477 
0.8900  0.2477 
0.8916  0.2477 
0.8933  0.2477 
0.8949  0.2477 
0.8966  0.2477 
0.8982  0.2385 
0.8998  0.2385 
0.9015  0.2385 
0.9031  0.2385 
0.9048  0.2385 
0.9064  0.2385 
0.9080  0.2385 
0.9097  0.2385 
0.9113  0.2385 
0.9130  0.2385 
0.9146  0.2385 
0.9163  0.2385 
0.9179  0.2385 
0.9195  0.2294 
0.9212  0.2202 
0.9228  0.2110 
0.9245  0.2018 
0.9261  0.2018 
0.9278  0.2018 
0.9294  0.1927 
0.9310  0.1835 
0.9327  0.1835 
0.9343  0.1743 
0.9360  0.1743 
0.9376  0.1743 
0.9392  0.1743 
0.9409  0.1651 
0.9425  0.1651 
0.9442  0.1651 
0.9458  0.1651 
0.9475  0.1651 
0.9491  0.1651 
0.9507  0.1651 
0.9524  0.1651 
0.9540  0.1560 
0.9557  0.1468 
0.9573  0.1376 
0.9589  0.1284 
0.9606  0.1284 
0.9622  0.1284 
0.9639  0.1284 
0.9655  0.1193 
0.9672  0.1193 
0.9688  0.1193 
0.9704  0.1101 
0.9721  0.1009 
0.9737  0.1009 
0.9754  0.0917 
0.9770  0.0826 
0.9787  0.0826 
0.9803  0.0734 
0.9819  0.0642 
0.9836  0.0550 
0.9852  0.0459 
0.9869  0.0459 
0.9885  0.0459 
0.9901  0.0367 
0.9918  0.0275 
0.9934  0.0183 
0.9951  0.0183 
0.9967  0.0092 
0.9984  0.0000 
1.0000  0.0000 
