0.0000  1.0000 
0.0156  0.9286 
0.0312  0.8810 
0.0469  0.8810 
0.0625  0.8571 
0.0781  0.8333 
0.0938  0.8095 
0.1094  0.7857 
0.1250  0.7619 
0.1406  0.7619 
0.1562  0.7619 
0.1719  0.7381 
0.1875  0.7381 
0.2031  0.7381 
0.2188  0.7381 
0.2344  0.6905 
0.2500  0.6905 
0.2656  0.6905 
0.2812  0.6905 
0.2969  0.6905 
0.3125  0.6905 
0.3281  0.6905 
0.3438  0.6190 
0.3594  0.5952 
0.3750  0.5714 
0.3906  0.5476 
0.4062  0.5476 
0.4219  0.5238 
0.4375  0.5238 
0.4531  0.5238 
0.4688  0.5000 
0.4844  0.4762 
0.5000  0.4762 
0.5156  0.4524 
0.5312  0.3810 
0.5469  0.3571 
0.5625  0.3571 
0.5781  0.3571 
0.5938  0.3571 
0.6094  0.3571 
0.6250  0.3571 
0.6406  0.3333 
0.6562  0.3333 
0.6719  0.3095 
0.6875  0.3095 
0.7031  0.2857 
0.7188  0.2857 
0.7344  0.2619 
0.7500  0.2619 
0.7656  0.2619 
0.7812  0.2381 
0.7969  0.2143 
0.8125  0.1905 
0.8281  0.1667 
0.8438  0.1667 
0.8594  0.1429 
0.8750  0.1190 
0.8906  0.0952 
0.9062  0.0952 
0.9219  0.0714 
0.9375  0.0714 
0.9531  0.0476 
0.9688  0.0238 
0.9844  0.0000 
1.0000  0.0000 
