0.0000  1.0000 
0.0122  0.9615 
0.0244  0.9615 
0.0366  0.9615 
0.0488  0.9231 
0.0610  0.9231 
0.0732  0.9231 
0.0854  0.9231 
0.0976  0.9231 
0.1098  0.8846 
0.1220  0.8846 
0.1341  0.8846 
0.1463  0.8846 
0.1585  0.8846 
0.1707  0.8846 
0.1829  0.8846 
0.1951  0.8846 
0.2073  0.8846 
0.2195  0.8846 
0.2317  0.8846 
0.2439  0.8846 
0.2561  0.8846 
0.2683  0.8462 
0.2805  0.8077 
0.2927  0.7692 
0.3049  0.7692 
0.3171  0.7692 
0.3293  0.7692 
0.3415  0.7692 
0.3537  0.7308 
0.3659  0.7308 
0.3780  0.7308 
0.3902  0.7308 
0.4024  0.7308 
0.4146  0.7308 
0.4268  0.7308 
0.4390  0.7308 
0.4512  0.7308 
0.4634  0.7308 
0.4756  0.7308 
0.4878  0.7308 
0.5000  0.7308 
0.5122  0.7308 
0.5244  0.6923 
0.5366  0.6923 
0.5488  0.6923 
0.5610  0.6538 
0.5732  0.6538 
0.5854  0.6538 
0.5976  0.6538 
0.6098  0.6538 
0.6220  0.6154 
0.6341  0.6154 
0.6463  0.5769 
0.6585  0.5769 
0.6707  0.5385 
0.6829  0.5000 
0.6951  0.5000 
0.7073  0.5000 
0.7195  0.5000 
0.7317  0.5000 
0.7439  0.4615 
0.7561  0.4231 
0.7683  0.3846 
0.7805  0.3846 
0.7927  0.3846 
0.8049  0.3846 
0.8171  0.3462 
0.8293  0.3462 
0.8415  0.3077 
0.8537  0.2692 
0.8659  0.2692 
0.8780  0.2308 
0.8902  0.2308 
0.9024  0.1923 
0.9146  0.1923 
0.9268  0.1538 
0.9390  0.1154 
0.9512  0.1154 
0.9634  0.0769 
0.9756  0.0385 
0.9878  0.0000 
1.0000  0.0000 
