0.0000  1.0000 
0.0098  1.0000 
0.0196  0.9091 
0.0294  0.9091 
0.0392  0.8182 
0.0490  0.8182 
0.0588  0.8182 
0.0686  0.7273 
0.0784  0.7273 
0.0882  0.6364 
0.0980  0.6364 
0.1078  0.5455 
0.1176  0.5455 
0.1275  0.5455 
0.1373  0.5455 
0.1471  0.4545 
0.1569  0.4545 
0.1667  0.4545 
0.1765  0.4545 
0.1863  0.4545 
0.1961  0.4545 
0.2059  0.4545 
0.2157  0.4545 
0.2255  0.4545 
0.2353  0.4545 
0.2451  0.4545 
0.2549  0.4545 
0.2647  0.3636 
0.2745  0.3636 
0.2843  0.3636 
0.2941  0.3636 
0.3039  0.3636 
0.3137  0.3636 
0.3235  0.3636 
0.3333  0.3636 
0.3431  0.2727 
0.3529  0.2727 
0.3627  0.2727 
0.3725  0.2727 
0.3824  0.2727 
0.3922  0.2727 
0.4020  0.2727 
0.4118  0.2727 
0.4216  0.2727 
0.4314  0.2727 
0.4412  0.2727 
0.4510  0.2727 
0.4608  0.2727 
0.4706  0.1818 
0.4804  0.1818 
0.4902  0.1818 
0.5000  0.1818 
0.5098  0.1818 
0.5196  0.1818 
0.5294  0.1818 
0.5392  0.1818 
0.5490  0.1818 
0.5588  0.1818 
0.5686  0.1818 
0.5784  0.1818 
0.5882  0.1818 
0.5980  0.1818 
0.6078  0.1818 
0.6176  0.0909 
0.6275  0.0909 
0.6373  0.0909 
0.6471  0.0909 
0.6569  0.0909 
0.6667  0.0909 
0.6765  0.0909 
0.6863  0.0909 
0.6961  0.0909 
0.7059  0.0909 
0.7157  0.0909 
0.7255  0.0909 
0.7353  0.0909 
0.7451  0.0909 
0.7549  0.0909 
0.7647  0.0909 
0.7745  0.0909 
0.7843  0.0909 
0.7941  0.0909 
0.8039  0.0909 
0.8137  0.0909 
0.8235  0.0909 
0.8333  0.0909 
0.8431  0.0909 
0.8529  0.0909 
0.8627  0.0909 
0.8725  0.0909 
0.8824  0.0909 
0.8922  0.0909 
0.9020  0.0909 
0.9118  0.0909 
0.9216  0.0909 
0.9314  0.0909 
0.9412  0.0909 
0.9510  0.0909 
0.9608  0.0909 
0.9706  0.0909 
0.9804  0.0909 
0.9902  0.0000 
1.0000  0.0000 
