0.0000  1.0000 
0.0099  0.9639 
0.0198  0.9398 
0.0297  0.9398 
0.0396  0.9277 
0.0495  0.9277 
0.0594  0.9157 
0.0693  0.9036 
0.0792  0.9036 
0.0891  0.9036 
0.0990  0.9036 
0.1089  0.7952 
0.1188  0.7952 
0.1287  0.7470 
0.1386  0.7229 
0.1485  0.7108 
0.1584  0.6867 
0.1683  0.6867 
0.1782  0.6867 
0.1881  0.6867 
0.1980  0.6867 
0.2079  0.6747 
0.2178  0.6506 
0.2277  0.6506 
0.2376  0.6386 
0.2475  0.6386 
0.2574  0.6386 
0.2673  0.6265 
0.2772  0.5904 
0.2871  0.5783 
0.2970  0.5663 
0.3069  0.5663 
0.3168  0.5663 
0.3267  0.5663 
0.3366  0.5663 
0.3465  0.5663 
0.3564  0.5542 
0.3663  0.5301 
0.3762  0.5060 
0.3861  0.5060 
0.3960  0.5060 
0.4059  0.5060 
0.4158  0.4819 
0.4257  0.4699 
0.4356  0.4699 
0.4455  0.4458 
0.4554  0.4458 
0.4653  0.4458 
0.4752  0.4458 
0.4851  0.4337 
0.4950  0.4337 
0.5050  0.3855 
0.5149  0.3735 
0.5248  0.3735 
0.5347  0.3735 
0.5446  0.3735 
0.5545  0.3614 
0.5644  0.3494 
0.5743  0.3494 
0.5842  0.3373 
0.5941  0.3253 
0.6040  0.3012 
0.6139  0.3012 
0.6238  0.3012 
0.6337  0.2892 
0.6436  0.2771 
0.6535  0.2651 
0.6634  0.2530 
0.6733  0.2530 
0.6832  0.2530 
0.6931  0.2530 
0.7030  0.2410 
0.7129  0.2289 
0.7228  0.2169 
0.7327  0.2169 
0.7426  0.2048 
0.7525  0.2048 
0.7624  0.2048 
0.7723  0.2048 
0.7822  0.1928 
0.7921  0.1928 
0.8020  0.1807 
0.8119  0.1687 
0.8218  0.1566 
0.8317  0.1566 
0.8416  0.1446 
0.8515  0.1325 
0.8614  0.1205 
0.8713  0.1084 
0.8812  0.1084 
0.8911  0.1084 
0.9010  0.0964 
0.9109  0.0843 
0.9208  0.0723 
0.9307  0.0723 
0.9406  0.0602 
0.9505  0.0482 
0.9604  0.0241 
0.9703  0.0120 
0.9802  0.0120 
0.9901  0.0000 
1.0000  0.0000 
