0.0000  1.0000 
0.0256  1.0000 
0.0513  1.0000 
0.0769  0.9333 
0.1026  0.9333 
0.1282  0.9333 
0.1538  0.9333 
0.1795  0.9333 
0.2051  0.8667 
0.2308  0.8000 
0.2564  0.8000 
0.2821  0.8000 
0.3077  0.8000 
0.3333  0.8000 
0.3590  0.8000 
0.3846  0.8000 
0.4103  0.7333 
0.4359  0.7333 
0.4615  0.7333 
0.4872  0.7333 
0.5128  0.7333 
0.5385  0.7333 
0.5641  0.7333 
0.5897  0.6667 
0.6154  0.6667 
0.6410  0.6667 
0.6667  0.6000 
0.6923  0.6000 
0.7179  0.6000 
0.7436  0.5333 
0.7692  0.4667 
0.7949  0.4667 
0.8205  0.4000 
0.8462  0.3333 
0.8718  0.2667 
0.8974  0.2000 
0.9231  0.1333 
0.9487  0.0667 
0.9744  0.0000 
1.0000  0.0000 
