0.0000  1.0000 
0.0034  1.0000 
0.0068  1.0000 
0.0102  0.9792 
0.0136  0.9688 
0.0170  0.9688 
0.0204  0.9583 
0.0238  0.9479 
0.0272  0.9479 
0.0306  0.9375 
0.0340  0.9062 
0.0374  0.9062 
0.0408  0.9062 
0.0442  0.8958 
0.0476  0.8750 
0.0510  0.8750 
0.0544  0.8542 
0.0578  0.8438 
0.0612  0.8333 
0.0646  0.8333 
0.0680  0.8229 
0.0714  0.8229 
0.0748  0.8125 
0.0782  0.8125 
0.0816  0.8125 
0.0850  0.7917 
0.0884  0.7917 
0.0918  0.7917 
0.0952  0.7917 
0.0986  0.7812 
0.1020  0.7812 
0.1054  0.7708 
0.1088  0.7604 
0.1122  0.7604 
0.1156  0.7500 
0.1190  0.7500 
0.1224  0.7396 
0.1259  0.7396 
0.1293  0.7396 
0.1327  0.7188 
0.1361  0.7083 
0.1395  0.7083 
0.1429  0.7083 
0.1463  0.7083 
0.1497  0.7083 
0.1531  0.6979 
0.1565  0.6979 
0.1599  0.6979 
0.1633  0.6979 
0.1667  0.6979 
0.1701  0.6979 
0.1735  0.6979 
0.1769  0.6979 
0.1803  0.6979 
0.1837  0.6979 
0.1871  0.6979 
0.1905  0.6979 
0.1939  0.6979 
0.1973  0.6875 
0.2007  0.6875 
0.2041  0.6875 
0.2075  0.6875 
0.2109  0.6875 
0.2143  0.6875 
0.2177  0.6875 
0.2211  0.6875 
0.2245  0.6875 
0.2279  0.6875 
0.2313  0.6875 
0.2347  0.6875 
0.2381  0.6875 
0.2415  0.6875 
0.2449  0.6875 
0.2483  0.6875 
0.2517  0.6875 
0.2551  0.6875 
0.2585  0.6875 
0.2619  0.6875 
0.2653  0.6771 
0.2687  0.6771 
0.2721  0.6771 
0.2755  0.6667 
0.2789  0.6667 
0.2823  0.6667 
0.2857  0.6667 
0.2891  0.6562 
0.2925  0.6562 
0.2959  0.6354 
0.2993  0.6250 
0.3027  0.6250 
0.3061  0.6042 
0.3095  0.6042 
0.3129  0.6042 
0.3163  0.6042 
0.3197  0.6042 
0.3231  0.6042 
0.3265  0.6042 
0.3299  0.5938 
0.3333  0.5938 
0.3367  0.5833 
0.3401  0.5729 
0.3435  0.5729 
0.3469  0.5625 
0.3503  0.5625 
0.3537  0.5521 
0.3571  0.5521 
0.3605  0.5521 
0.3639  0.5417 
0.3673  0.5417 
0.3707  0.5417 
0.3741  0.5417 
0.3776  0.5417 
0.3810  0.5417 
0.3844  0.5417 
0.3878  0.5417 
0.3912  0.5417 
0.3946  0.5417 
0.3980  0.5417 
0.4014  0.5312 
0.4048  0.5312 
0.4082  0.5312 
0.4116  0.5312 
0.4150  0.5312 
0.4184  0.5312 
0.4218  0.5312 
0.4252  0.5312 
0.4286  0.5312 
0.4320  0.5312 
0.4354  0.5312 
0.4388  0.5312 
0.4422  0.5208 
0.4456  0.5208 
0.4490  0.5208 
0.4524  0.5208 
0.4558  0.5104 
0.4592  0.5104 
0.4626  0.5000 
0.4660  0.5000 
0.4694  0.4896 
0.4728  0.4896 
0.4762  0.4896 
0.4796  0.4896 
0.4830  0.4792 
0.4864  0.4688 
0.4898  0.4688 
0.4932  0.4688 
0.4966  0.4583 
0.5000  0.4479 
0.5034  0.4479 
0.5068  0.4479 
0.5102  0.4479 
0.5136  0.4375 
0.5170  0.4375 
0.5204  0.4271 
0.5238  0.4271 
0.5272  0.4167 
0.5306  0.4167 
0.5340  0.4167 
0.5374  0.4167 
0.5408  0.4167 
0.5442  0.4062 
0.5476  0.4062 
0.5510  0.4062 
0.5544  0.4062 
0.5578  0.3958 
0.5612  0.3958 
0.5646  0.3958 
0.5680  0.3854 
0.5714  0.3854 
0.5748  0.3854 
0.5782  0.3854 
0.5816  0.3854 
0.5850  0.3854 
0.5884  0.3750 
0.5918  0.3750 
0.5952  0.3646 
0.5986  0.3646 
0.6020  0.3542 
0.6054  0.3542 
0.6088  0.3542 
0.6122  0.3542 
0.6156  0.3438 
0.6190  0.3438 
0.6224  0.3438 
0.6259  0.3333 
0.6293  0.3229 
0.6327  0.3125 
0.6361  0.3125 
0.6395  0.3125 
0.6429  0.3125 
0.6463  0.3125 
0.6497  0.3125 
0.6531  0.3125 
0.6565  0.3125 
0.6599  0.3125 
0.6633  0.3125 
0.6667  0.3125 
0.6701  0.3125 
0.6735  0.3125 
0.6769  0.3125 
0.6803  0.3125 
0.6837  0.3125 
0.6871  0.3125 
0.6905  0.3125 
0.6939  0.3125 
0.6973  0.3125 
0.7007  0.3125 
0.7041  0.3125 
0.7075  0.3125 
0.7109  0.3125 
0.7143  0.3125 
0.7177  0.3125 
0.7211  0.3125 
0.7245  0.3125 
0.7279  0.3125 
0.7313  0.3125 
0.7347  0.3125 
0.7381  0.3125 
0.7415  0.3021 
0.7449  0.2917 
0.7483  0.2917 
0.7517  0.2917 
0.7551  0.2917 
0.7585  0.2917 
0.7619  0.2917 
0.7653  0.2917 
0.7687  0.2917 
0.7721  0.2917 
0.7755  0.2917 
0.7789  0.2917 
0.7823  0.2812 
0.7857  0.2708 
0.7891  0.2708 
0.7925  0.2708 
0.7959  0.2708 
0.7993  0.2604 
0.8027  0.2500 
0.8061  0.2396 
0.8095  0.2396 
0.8129  0.2396 
0.8163  0.2292 
0.8197  0.2292 
0.8231  0.2188 
0.8265  0.2083 
0.8299  0.2083 
0.8333  0.1979 
0.8367  0.1875 
0.8401  0.1875 
0.8435  0.1875 
0.8469  0.1771 
0.8503  0.1771 
0.8537  0.1667 
0.8571  0.1562 
0.8605  0.1458 
0.8639  0.1458 
0.8673  0.1458 
0.8707  0.1354 
0.8741  0.1354 
0.8776  0.1354 
0.8810  0.1250 
0.8844  0.1250 
0.8878  0.1146 
0.8912  0.1042 
0.8946  0.0938 
0.8980  0.0938 
0.9014  0.0938 
0.9048  0.0938 
0.9082  0.0833 
0.9116  0.0833 
0.9150  0.0833 
0.9184  0.0833 
0.9218  0.0729 
0.9252  0.0625 
0.9286  0.0625 
0.9320  0.0625 
0.9354  0.0625 
0.9388  0.0625 
0.9422  0.0521 
0.9456  0.0521 
0.9490  0.0521 
0.9524  0.0417 
0.9558  0.0417 
0.9592  0.0417 
0.9626  0.0417 
0.9660  0.0417 
0.9694  0.0312 
0.9728  0.0312 
0.9762  0.0312 
0.9796  0.0312 
0.9830  0.0312 
0.9864  0.0312 
0.9898  0.0208 
0.9932  0.0104 
0.9966  0.0000 
1.0000  0.0000 
