0.0000  1.0000 
0.0256  1.0000 
0.0513  0.9286 
0.0769  0.9286 
0.1026  0.8571 
0.1282  0.8571 
0.1538  0.7857 
0.1795  0.7857 
0.2051  0.7143 
0.2308  0.7143 
0.2564  0.6429 
0.2821  0.6429 
0.3077  0.5714 
0.3333  0.5714 
0.3590  0.5000 
0.3846  0.5000 
0.4103  0.4286 
0.4359  0.4286 
0.4615  0.3571 
0.4872  0.3571 
0.5128  0.2857 
0.5385  0.2857 
0.5641  0.2857 
0.5897  0.2143 
0.6154  0.2143 
0.6410  0.2143 
0.6667  0.2143 
0.6923  0.2143 
0.7179  0.1429 
0.7436  0.1429 
0.7692  0.1429 
0.7949  0.1429 
0.8205  0.1429 
0.8462  0.0714 
0.8718  0.0714 
0.8974  0.0714 
0.9231  0.0714 
0.9487  0.0714 
0.9744  0.0000 
1.0000  0.0000 
