0.0000  1.0000 
0.0036  0.9789 
0.0073  0.9579 
0.0109  0.9579 
0.0145  0.9579 
0.0182  0.9368 
0.0218  0.9368 
0.0255  0.9368 
0.0291  0.9368 
0.0327  0.9368 
0.0364  0.9263 
0.0400  0.9263 
0.0436  0.9263 
0.0473  0.9263 
0.0509  0.9158 
0.0545  0.9158 
0.0582  0.9053 
0.0618  0.9053 
0.0655  0.9053 
0.0691  0.9053 
0.0727  0.8737 
0.0764  0.8737 
0.0800  0.8632 
0.0836  0.8632 
0.0873  0.8526 
0.0909  0.8421 
0.0945  0.8421 
0.0982  0.8421 
0.1018  0.8421 
0.1055  0.8421 
0.1091  0.8316 
0.1127  0.8316 
0.1164  0.8316 
0.1200  0.8105 
0.1236  0.8105 
0.1273  0.8105 
0.1309  0.8105 
0.1345  0.8105 
0.1382  0.8105 
0.1418  0.8105 
0.1455  0.8000 
0.1491  0.7895 
0.1527  0.7895 
0.1564  0.7895 
0.1600  0.7895 
0.1636  0.7895 
0.1673  0.7895 
0.1709  0.7895 
0.1745  0.7895 
0.1782  0.7895 
0.1818  0.7895 
0.1855  0.7789 
0.1891  0.7474 
0.1927  0.7368 
0.1964  0.7263 
0.2000  0.7263 
0.2036  0.7263 
0.2073  0.7263 
0.2109  0.7263 
0.2145  0.7263 
0.2182  0.7263 
0.2218  0.7053 
0.2255  0.7053 
0.2291  0.6947 
0.2327  0.6947 
0.2364  0.6947 
0.2400  0.6947 
0.2436  0.6947 
0.2473  0.6947 
0.2509  0.6947 
0.2545  0.6947 
0.2582  0.6947 
0.2618  0.6842 
0.2655  0.6737 
0.2691  0.6737 
0.2727  0.6737 
0.2764  0.6737 
0.2800  0.6737 
0.2836  0.6526 
0.2873  0.6526 
0.2909  0.6526 
0.2945  0.6526 
0.2982  0.6421 
0.3018  0.6421 
0.3055  0.6421 
0.3091  0.6421 
0.3127  0.6421 
0.3164  0.6316 
0.3200  0.6316 
0.3236  0.6316 
0.3273  0.6316 
0.3309  0.6316 
0.3345  0.6316 
0.3382  0.6316 
0.3418  0.6316 
0.3455  0.6316 
0.3491  0.6316 
0.3527  0.6211 
0.3564  0.6211 
0.3600  0.6211 
0.3636  0.6211 
0.3673  0.6211 
0.3709  0.6211 
0.3745  0.6211 
0.3782  0.6105 
0.3818  0.6000 
0.3855  0.6000 
0.3891  0.6000 
0.3927  0.6000 
0.3964  0.6000 
0.4000  0.6000 
0.4036  0.5895 
0.4073  0.5895 
0.4109  0.5895 
0.4145  0.5895 
0.4182  0.5789 
0.4218  0.5789 
0.4255  0.5789 
0.4291  0.5789 
0.4327  0.5789 
0.4364  0.5789 
0.4400  0.5789 
0.4436  0.5789 
0.4473  0.5789 
0.4509  0.5789 
0.4545  0.5789 
0.4582  0.5789 
0.4618  0.5789 
0.4655  0.5789 
0.4691  0.5789 
0.4727  0.5789 
0.4764  0.5789 
0.4800  0.5789 
0.4836  0.5684 
0.4873  0.5684 
0.4909  0.5684 
0.4945  0.5684 
0.4982  0.5684 
0.5018  0.5684 
0.5055  0.5579 
0.5091  0.5474 
0.5127  0.5474 
0.5164  0.5474 
0.5200  0.5368 
0.5236  0.5263 
0.5273  0.5053 
0.5309  0.5053 
0.5345  0.4947 
0.5382  0.4947 
0.5418  0.4947 
0.5455  0.4947 
0.5491  0.4947 
0.5527  0.4947 
0.5564  0.4947 
0.5600  0.4947 
0.5636  0.4947 
0.5673  0.4947 
0.5709  0.4947 
0.5745  0.4947 
0.5782  0.4947 
0.5818  0.4947 
0.5855  0.4842 
0.5891  0.4842 
0.5927  0.4842 
0.5964  0.4842 
0.6000  0.4842 
0.6036  0.4842 
0.6073  0.4737 
0.6109  0.4737 
0.6145  0.4632 
0.6182  0.4526 
0.6218  0.4421 
0.6255  0.4421 
0.6291  0.4421 
0.6327  0.4421 
0.6364  0.4421 
0.6400  0.4421 
0.6436  0.4421 
0.6473  0.4421 
0.6509  0.4421 
0.6545  0.4316 
0.6582  0.4211 
0.6618  0.4211 
0.6655  0.4105 
0.6691  0.4105 
0.6727  0.4000 
0.6764  0.4000 
0.6800  0.3895 
0.6836  0.3895 
0.6873  0.3895 
0.6909  0.3895 
0.6945  0.3895 
0.6982  0.3895 
0.7018  0.3789 
0.7055  0.3789 
0.7091  0.3684 
0.7127  0.3684 
0.7164  0.3684 
0.7200  0.3579 
0.7236  0.3474 
0.7273  0.3368 
0.7309  0.3263 
0.7345  0.3263 
0.7382  0.3158 
0.7418  0.3158 
0.7455  0.3158 
0.7491  0.3158 
0.7527  0.3158 
0.7564  0.3158 
0.7600  0.3158 
0.7636  0.3158 
0.7673  0.3158 
0.7709  0.3158 
0.7745  0.3158 
0.7782  0.3158 
0.7818  0.3158 
0.7855  0.3053 
0.7891  0.3053 
0.7927  0.3053 
0.7964  0.2947 
0.8000  0.2947 
0.8036  0.2947 
0.8073  0.2947 
0.8109  0.2947 
0.8145  0.2842 
0.8182  0.2737 
0.8218  0.2632 
0.8255  0.2632 
0.8291  0.2632 
0.8327  0.2526 
0.8364  0.2526 
0.8400  0.2421 
0.8436  0.2421 
0.8473  0.2316 
0.8509  0.2316 
0.8545  0.2316 
0.8582  0.2211 
0.8618  0.2211 
0.8655  0.2105 
0.8691  0.2000 
0.8727  0.2000 
0.8764  0.2000 
0.8800  0.2000 
0.8836  0.2000 
0.8873  0.1895 
0.8909  0.1895 
0.8945  0.1895 
0.8982  0.1895 
0.9018  0.1789 
0.9055  0.1789 
0.9091  0.1684 
0.9127  0.1579 
0.9164  0.1579 
0.9200  0.1579 
0.9236  0.1579 
0.9273  0.1474 
0.9309  0.1368 
0.9345  0.1263 
0.9382  0.1158 
0.9418  0.1053 
0.9455  0.1053 
0.9491  0.0947 
0.9527  0.0842 
0.9564  0.0737 
0.9600  0.0737 
0.9636  0.0632 
0.9673  0.0632 
0.9709  0.0632 
0.9745  0.0632 
0.9782  0.0526 
0.9818  0.0421 
0.9855  0.0316 
0.9891  0.0211 
0.9927  0.0105 
0.9964  0.0000 
1.0000  0.0000 
