0.0000  1.0000 
0.0099  0.9012 
0.0198  0.8519 
0.0297  0.8395 
0.0396  0.8025 
0.0495  0.7901 
0.0594  0.7778 
0.0693  0.7778 
0.0792  0.7778 
0.0891  0.7531 
0.0990  0.7407 
0.1089  0.7284 
0.1188  0.7284 
0.1287  0.7284 
0.1386  0.7284 
0.1485  0.7037 
0.1584  0.7037 
0.1683  0.7037 
0.1782  0.6914 
0.1881  0.6543 
0.1980  0.6543 
0.2079  0.6543 
0.2178  0.6420 
0.2277  0.6420 
0.2376  0.6173 
0.2475  0.6173 
0.2574  0.6049 
0.2673  0.6049 
0.2772  0.6049 
0.2871  0.5802 
0.2970  0.5802 
0.3069  0.5802 
0.3168  0.5556 
0.3267  0.5062 
0.3366  0.4938 
0.3465  0.4938 
0.3564  0.4938 
0.3663  0.4815 
0.3762  0.4815 
0.3861  0.4568 
0.3960  0.4568 
0.4059  0.4568 
0.4158  0.4568 
0.4257  0.4568 
0.4356  0.4444 
0.4455  0.4321 
0.4554  0.4074 
0.4653  0.4074 
0.4752  0.4074 
0.4851  0.3951 
0.4950  0.3951 
0.5050  0.3951 
0.5149  0.3827 
0.5248  0.3827 
0.5347  0.3827 
0.5446  0.3827 
0.5545  0.3704 
0.5644  0.3580 
0.5743  0.3333 
0.5842  0.3333 
0.5941  0.3333 
0.6040  0.3210 
0.6139  0.3086 
0.6238  0.3086 
0.6337  0.2963 
0.6436  0.2840 
0.6535  0.2716 
0.6634  0.2593 
0.6733  0.2593 
0.6832  0.2593 
0.6931  0.2593 
0.7030  0.2469 
0.7129  0.2346 
0.7228  0.2346 
0.7327  0.2346 
0.7426  0.2346 
0.7525  0.2222 
0.7624  0.2099 
0.7723  0.2099 
0.7822  0.1975 
0.7921  0.1975 
0.8020  0.1852 
0.8119  0.1728 
0.8218  0.1605 
0.8317  0.1605 
0.8416  0.1481 
0.8515  0.1358 
0.8614  0.1235 
0.8713  0.1111 
0.8812  0.0988 
0.8911  0.0988 
0.9010  0.0988 
0.9109  0.0864 
0.9208  0.0741 
0.9307  0.0741 
0.9406  0.0617 
0.9505  0.0494 
0.9604  0.0247 
0.9703  0.0123 
0.9802  0.0123 
0.9901  0.0000 
1.0000  0.0000 
