0.0000  1.0000 
0.0122  1.0000 
0.0244  1.0000 
0.0366  1.0000 
0.0488  1.0000 
0.0610  0.9259 
0.0732  0.8889 
0.0854  0.8889 
0.0976  0.8889 
0.1098  0.8889 
0.1220  0.8889 
0.1341  0.8889 
0.1463  0.8889 
0.1585  0.8889 
0.1707  0.8889 
0.1829  0.8889 
0.1951  0.8889 
0.2073  0.8889 
0.2195  0.8889 
0.2317  0.8889 
0.2439  0.8519 
0.2561  0.8519 
0.2683  0.8148 
0.2805  0.7778 
0.2927  0.7407 
0.3049  0.7037 
0.3171  0.7037 
0.3293  0.7037 
0.3415  0.7037 
0.3537  0.7037 
0.3659  0.7037 
0.3780  0.7037 
0.3902  0.7037 
0.4024  0.7037 
0.4146  0.7037 
0.4268  0.7037 
0.4390  0.7037 
0.4512  0.7037 
0.4634  0.7037 
0.4756  0.7037 
0.4878  0.7037 
0.5000  0.7037 
0.5122  0.7037 
0.5244  0.7037 
0.5366  0.7037 
0.5488  0.6667 
0.5610  0.6296 
0.5732  0.6296 
0.5854  0.6296 
0.5976  0.6296 
0.6098  0.6296 
0.6220  0.5926 
0.6341  0.5556 
0.6463  0.5556 
0.6585  0.5185 
0.6707  0.5185 
0.6829  0.4815 
0.6951  0.4444 
0.7073  0.4444 
0.7195  0.4444 
0.7317  0.4444 
0.7439  0.4444 
0.7561  0.4074 
0.7683  0.4074 
0.7805  0.4074 
0.7927  0.4074 
0.8049  0.3704 
0.8171  0.3333 
0.8293  0.3333 
0.8415  0.2963 
0.8537  0.2963 
0.8659  0.2593 
0.8780  0.2222 
0.8902  0.1852 
0.9024  0.1852 
0.9146  0.1481 
0.9268  0.1481 
0.9390  0.1111 
0.9512  0.1111 
0.9634  0.0741 
0.9756  0.0370 
0.9878  0.0000 
1.0000  0.0000 
