0.0000  1.0000 
0.0127  1.0000 
0.0253  0.9583 
0.0380  0.9167 
0.0506  0.9167 
0.0633  0.8750 
0.0759  0.8333 
0.0886  0.8333 
0.1013  0.8333 
0.1139  0.7917 
0.1266  0.7917 
0.1392  0.7500 
0.1519  0.7083 
0.1646  0.6667 
0.1772  0.6667 
0.1899  0.6250 
0.2025  0.6250 
0.2152  0.5833 
0.2278  0.5833 
0.2405  0.5417 
0.2532  0.5417 
0.2658  0.5417 
0.2785  0.5000 
0.2911  0.5000 
0.3038  0.5000 
0.3165  0.4583 
0.3291  0.4583 
0.3418  0.4583 
0.3544  0.4583 
0.3671  0.4583 
0.3797  0.4583 
0.3924  0.4583 
0.4051  0.4167 
0.4177  0.3750 
0.4304  0.3750 
0.4430  0.3750 
0.4557  0.3333 
0.4684  0.3333 
0.4810  0.2917 
0.4937  0.2917 
0.5063  0.2917 
0.5190  0.2917 
0.5316  0.2500 
0.5443  0.2500 
0.5570  0.2500 
0.5696  0.2500 
0.5823  0.2500 
0.5949  0.2500 
0.6076  0.2500 
0.6203  0.2500 
0.6329  0.2500 
0.6456  0.2500 
0.6582  0.2500 
0.6709  0.2083 
0.6835  0.2083 
0.6962  0.1667 
0.7089  0.1667 
0.7215  0.1667 
0.7342  0.1250 
0.7468  0.1250 
0.7595  0.1250 
0.7722  0.1250 
0.7848  0.0833 
0.7975  0.0833 
0.8101  0.0833 
0.8228  0.0833 
0.8354  0.0833 
0.8481  0.0833 
0.8608  0.0417 
0.8734  0.0417 
0.8861  0.0417 
0.8987  0.0417 
0.9114  0.0417 
0.9241  0.0417 
0.9367  0.0417 
0.9494  0.0417 
0.9620  0.0417 
0.9747  0.0417 
0.9873  0.0000 
1.0000  0.0000 
