0.0000  1.0000 
0.0139  1.0000 
0.0278  1.0000 
0.0417  1.0000 
0.0556  1.0000 
0.0694  1.0000 
0.0833  1.0000 
0.0972  1.0000 
0.1111  1.0000 
0.1250  1.0000 
0.1389  1.0000 
0.1528  1.0000 
0.1667  1.0000 
0.1806  0.9565 
0.1944  0.9565 
0.2083  0.9565 
0.2222  0.9565 
0.2361  0.9565 
0.2500  0.9565 
0.2639  0.9130 
0.2778  0.9130 
0.2917  0.9130 
0.3056  0.9130 
0.3194  0.9130 
0.3333  0.9130 
0.3472  0.9130 
0.3611  0.9130 
0.3750  0.9130 
0.3889  0.9130 
0.4028  0.9130 
0.4167  0.9130 
0.4306  0.9130 
0.4444  0.9130 
0.4583  0.8696 
0.4722  0.8696 
0.4861  0.8696 
0.5000  0.8696 
0.5139  0.8696 
0.5278  0.8696 
0.5417  0.8696 
0.5556  0.8696 
0.5694  0.8696 
0.5833  0.8696 
0.5972  0.8696 
0.6111  0.8696 
0.6250  0.8696 
0.6389  0.8696 
0.6528  0.8696 
0.6667  0.8696 
0.6806  0.8696 
0.6944  0.8696 
0.7083  0.8261 
0.7222  0.8261 
0.7361  0.8261 
0.7500  0.8261 
0.7639  0.8261 
0.7778  0.8261 
0.7917  0.7826 
0.8056  0.7391 
0.8194  0.6957 
0.8333  0.6087 
0.8472  0.5652 
0.8611  0.5217 
0.8750  0.5217 
0.8889  0.4783 
0.9028  0.4348 
0.9167  0.3913 
0.9306  0.3043 
0.9444  0.2174 
0.9583  0.1304 
0.9722  0.0435 
0.9861  0.0000 
1.0000  0.0000 
