0.0000  1.0000 
0.0294  0.9231 
0.0588  0.9231 
0.0882  0.8462 
0.1176  0.8462 
0.1471  0.8462 
0.1765  0.8462 
0.2059  0.8462 
0.2353  0.8462 
0.2647  0.8462 
0.2941  0.8462 
0.3235  0.8462 
0.3529  0.8462 
0.3824  0.8462 
0.4118  0.8462 
0.4412  0.8462 
0.4706  0.8462 
0.5000  0.8462 
0.5294  0.7692 
0.5588  0.7692 
0.5882  0.7692 
0.6176  0.6923 
0.6471  0.6923 
0.6765  0.6154 
0.7059  0.5385 
0.7353  0.5385 
0.7647  0.5385 
0.7941  0.3846 
0.8235  0.3846 
0.8529  0.3077 
0.8824  0.2308 
0.9118  0.2308 
0.9412  0.0769 
0.9706  0.0000 
1.0000  0.0000 
