0.0000  1.0000 
0.0227  1.0000 
0.0455  1.0000 
0.0682  1.0000 
0.0909  1.0000 
0.1136  1.0000 
0.1364  1.0000 
0.1591  1.0000 
0.1818  0.9375 
0.2045  0.9375 
0.2273  0.9375 
0.2500  0.9375 
0.2727  0.9375 
0.2955  0.9375 
0.3182  0.9375 
0.3409  0.9375 
0.3636  0.9375 
0.3864  0.9375 
0.4091  0.9375 
0.4318  0.9375 
0.4545  0.8750 
0.4773  0.8750 
0.5000  0.8750 
0.5227  0.8750 
0.5455  0.8750 
0.5682  0.8750 
0.5909  0.8750 
0.6136  0.8125 
0.6364  0.8125 
0.6591  0.7500 
0.6818  0.6875 
0.7045  0.6875 
0.7273  0.6250 
0.7500  0.6250 
0.7727  0.5000 
0.7955  0.4375 
0.8182  0.4375 
0.8409  0.3750 
0.8636  0.3125 
0.8864  0.2500 
0.9091  0.1875 
0.9318  0.1250 
0.9545  0.0625 
0.9773  0.0000 
1.0000  0.0000 
