0.0000  1.0000 
0.0111  1.0000 
0.0222  1.0000 
0.0333  1.0000 
0.0444  1.0000 
0.0556  1.0000 
0.0667  1.0000 
0.0778  1.0000 
0.0889  1.0000 
0.1000  1.0000 
0.1111  1.0000 
0.1222  1.0000 
0.1333  1.0000 
0.1444  1.0000 
0.1556  0.9286 
0.1667  0.9286 
0.1778  0.8571 
0.1889  0.8571 
0.2000  0.8571 
0.2111  0.8571 
0.2222  0.8571 
0.2333  0.8571 
0.2444  0.8571 
0.2556  0.7857 
0.2667  0.7857 
0.2778  0.7857 
0.2889  0.7857 
0.3000  0.7857 
0.3111  0.7857 
0.3222  0.7857 
0.3333  0.7857 
0.3444  0.7143 
0.3556  0.6429 
0.3667  0.6429 
0.3778  0.6429 
0.3889  0.6429 
0.4000  0.6429 
0.4111  0.6429 
0.4222  0.6429 
0.4333  0.6429 
0.4444  0.6429 
0.4556  0.6429 
0.4667  0.6429 
0.4778  0.6429 
0.4889  0.6429 
0.5000  0.6429 
0.5111  0.6429 
0.5222  0.6429 
0.5333  0.6429 
0.5444  0.6429 
0.5556  0.6429 
0.5667  0.6429 
0.5778  0.6429 
0.5889  0.6429 
0.6000  0.6429 
0.6111  0.6429 
0.6222  0.6429 
0.6333  0.6429 
0.6444  0.5714 
0.6556  0.5714 
0.6667  0.5714 
0.6778  0.5714 
0.6889  0.5714 
0.7000  0.5714 
0.7111  0.5714 
0.7222  0.5000 
0.7333  0.5000 
0.7444  0.5000 
0.7556  0.5000 
0.7667  0.5000 
0.7778  0.5000 
0.7889  0.5000 
0.8000  0.5000 
0.8111  0.5000 
0.8222  0.5000 
0.8333  0.5000 
0.8444  0.5000 
0.8556  0.5000 
0.8667  0.5000 
0.8778  0.4286 
0.8889  0.4286 
0.9000  0.3571 
0.9111  0.2857 
0.9222  0.2143 
0.9333  0.1429 
0.9444  0.0714 
0.9556  0.0714 
0.9667  0.0714 
0.9778  0.0714 
0.9889  0.0000 
1.0000  0.0000 
