0.0000  1.0000 
0.0044  0.9730 
0.0089  0.9730 
0.0133  0.9730 
0.0178  0.9730 
0.0222  0.9730 
0.0267  0.9730 
0.0311  0.9730 
0.0356  0.9730 
0.0400  0.9730 
0.0444  0.9730 
0.0489  0.9459 
0.0533  0.9459 
0.0578  0.9459 
0.0622  0.9459 
0.0667  0.9459 
0.0711  0.9459 
0.0756  0.9459 
0.0800  0.9459 
0.0844  0.9459 
0.0889  0.9459 
0.0933  0.9459 
0.0978  0.9459 
0.1022  0.9459 
0.1067  0.9459 
0.1111  0.9459 
0.1156  0.9459 
0.1200  0.9459 
0.1244  0.9459 
0.1289  0.9459 
0.1333  0.9459 
0.1378  0.9459 
0.1422  0.9459 
0.1467  0.9459 
0.1511  0.9459 
0.1556  0.9459 
0.1600  0.9459 
0.1644  0.9459 
0.1689  0.9459 
0.1733  0.9459 
0.1778  0.9459 
0.1822  0.9459 
0.1867  0.9459 
0.1911  0.9459 
0.1956  0.9459 
0.2000  0.9459 
0.2044  0.9459 
0.2089  0.9459 
0.2133  0.9459 
0.2178  0.9459 
0.2222  0.9459 
0.2267  0.9459 
0.2311  0.9459 
0.2356  0.9459 
0.2400  0.9459 
0.2444  0.9459 
0.2489  0.9459 
0.2533  0.9459 
0.2578  0.9459 
0.2622  0.9459 
0.2667  0.9459 
0.2711  0.9459 
0.2756  0.9459 
0.2800  0.9459 
0.2844  0.9459 
0.2889  0.9459 
0.2933  0.9459 
0.2978  0.9459 
0.3022  0.9459 
0.3067  0.9459 
0.3111  0.9459 
0.3156  0.9459 
0.3200  0.9459 
0.3244  0.9459 
0.3289  0.9459 
0.3333  0.9459 
0.3378  0.9189 
0.3422  0.9189 
0.3467  0.9189 
0.3511  0.9189 
0.3556  0.8649 
0.3600  0.8649 
0.3644  0.8649 
0.3689  0.8649 
0.3733  0.8649 
0.3778  0.8649 
0.3822  0.8649 
0.3867  0.8378 
0.3911  0.8378 
0.3956  0.8378 
0.4000  0.8378 
0.4044  0.8378 
0.4089  0.8108 
0.4133  0.8108 
0.4178  0.8108 
0.4222  0.8108 
0.4267  0.8108 
0.4311  0.7838 
0.4356  0.7568 
0.4400  0.7297 
0.4444  0.7297 
0.4489  0.7297 
0.4533  0.7297 
0.4578  0.7297 
0.4622  0.7297 
0.4667  0.7297 
0.4711  0.7297 
0.4756  0.7297 
0.4800  0.7297 
0.4844  0.7297 
0.4889  0.7297 
0.4933  0.7297 
0.4978  0.7297 
0.5022  0.7297 
0.5067  0.7297 
0.5111  0.7297 
0.5156  0.7297 
0.5200  0.7297 
0.5244  0.7027 
0.5289  0.7027 
0.5333  0.7027 
0.5378  0.7027 
0.5422  0.6757 
0.5467  0.6757 
0.5511  0.6757 
0.5556  0.6757 
0.5600  0.6757 
0.5644  0.6757 
0.5689  0.6757 
0.5733  0.6757 
0.5778  0.6757 
0.5822  0.6757 
0.5867  0.6757 
0.5911  0.6757 
0.5956  0.6486 
0.6000  0.6486 
0.6044  0.6486 
0.6089  0.6216 
0.6133  0.6216 
0.6178  0.6216 
0.6222  0.6216 
0.6267  0.6216 
0.6311  0.6216 
0.6356  0.5946 
0.6400  0.5676 
0.6444  0.5676 
0.6489  0.5676 
0.6533  0.5676 
0.6578  0.5676 
0.6622  0.5676 
0.6667  0.5676 
0.6711  0.5405 
0.6756  0.5405 
0.6800  0.5405 
0.6844  0.5405 
0.6889  0.5405 
0.6933  0.5405 
0.6978  0.5405 
0.7022  0.5405 
0.7067  0.5405 
0.7111  0.5405 
0.7156  0.5405 
0.7200  0.5405 
0.7244  0.5405 
0.7289  0.5405 
0.7333  0.5405 
0.7378  0.5405 
0.7422  0.5405 
0.7467  0.5405 
0.7511  0.5405 
0.7556  0.5135 
0.7600  0.5135 
0.7644  0.5135 
0.7689  0.5135 
0.7733  0.5135 
0.7778  0.4865 
0.7822  0.4865 
0.7867  0.4865 
0.7911  0.4865 
0.7956  0.4595 
0.8000  0.4595 
0.8044  0.4324 
0.8089  0.4324 
0.8133  0.4324 
0.8178  0.4054 
0.8222  0.4054 
0.8267  0.4054 
0.8311  0.4054 
0.8356  0.4054 
0.8400  0.3784 
0.8444  0.3784 
0.8489  0.3784 
0.8533  0.3784 
0.8578  0.3784 
0.8622  0.3514 
0.8667  0.3243 
0.8711  0.3243 
0.8756  0.3243 
0.8800  0.3243 
0.8844  0.3243 
0.8889  0.3243 
0.8933  0.3243 
0.8978  0.3243 
0.9022  0.3243 
0.9067  0.3243 
0.9111  0.3243 
0.9156  0.2973 
0.9200  0.2973 
0.9244  0.2703 
0.9289  0.2703 
0.9333  0.2703 
0.9378  0.2432 
0.9422  0.2162 
0.9467  0.2162 
0.9511  0.1892 
0.9556  0.1622 
0.9600  0.1351 
0.9644  0.1081 
0.9689  0.1081 
0.9733  0.0811 
0.9778  0.0541 
0.9822  0.0541 
0.9867  0.0270 
0.9911  0.0270 
0.9956  0.0000 
1.0000  0.0000 
