0.0000  1.0000 
0.0167  1.0000 
0.0333  0.9412 
0.0500  0.9412 
0.0667  0.8824 
0.0833  0.8824 
0.1000  0.8824 
0.1167  0.8235 
0.1333  0.8235 
0.1500  0.7647 
0.1667  0.7647 
0.1833  0.7647 
0.2000  0.7059 
0.2167  0.7059 
0.2333  0.7059 
0.2500  0.7059 
0.2667  0.7059 
0.2833  0.7059 
0.3000  0.7059 
0.3167  0.7059 
0.3333  0.7059 
0.3500  0.6471 
0.3667  0.6471 
0.3833  0.5882 
0.4000  0.5294 
0.4167  0.5294 
0.4333  0.4706 
0.4500  0.4118 
0.4667  0.4118 
0.4833  0.4118 
0.5000  0.4118 
0.5167  0.3529 
0.5333  0.3529 
0.5500  0.3529 
0.5667  0.3529 
0.5833  0.2941 
0.6000  0.2941 
0.6167  0.2941 
0.6333  0.2941 
0.6500  0.2353 
0.6667  0.2353 
0.6833  0.2353 
0.7000  0.2353 
0.7167  0.1765 
0.7333  0.1765 
0.7500  0.1765 
0.7667  0.1765 
0.7833  0.1765 
0.8000  0.1176 
0.8167  0.1176 
0.8333  0.1176 
0.8500  0.1176 
0.8667  0.1176 
0.8833  0.1176 
0.9000  0.0588 
0.9167  0.0588 
0.9333  0.0588 
0.9500  0.0588 
0.9667  0.0588 
0.9833  0.0000 
1.0000  0.0000 
