0.0000  1.0000 
0.0294  1.0000 
0.0588  1.0000 
0.0882  1.0000 
0.1176  1.0000 
0.1471  1.0000 
0.1765  1.0000 
0.2059  1.0000 
0.2353  1.0000 
0.2647  1.0000 
0.2941  1.0000 
0.3235  0.9231 
0.3529  0.9231 
0.3824  0.9231 
0.4118  0.9231 
0.4412  0.9231 
0.4706  0.9231 
0.5000  0.9231 
0.5294  0.9231 
0.5588  0.9231 
0.5882  0.9231 
0.6176  0.9231 
0.6471  0.9231 
0.6765  0.9231 
0.7059  0.9231 
0.7353  0.9231 
0.7647  0.8462 
0.7941  0.8462 
0.8235  0.8462 
0.8529  0.6923 
0.8824  0.5385 
0.9118  0.3077 
0.9412  0.1538 
0.9706  0.0000 
1.0000  0.0000 
