0.0000  1.0000 
0.0036  0.9787 
0.0073  0.9681 
0.0109  0.9468 
0.0145  0.9255 
0.0182  0.9043 
0.0218  0.8936 
0.0255  0.8830 
0.0291  0.8723 
0.0327  0.8617 
0.0364  0.8511 
0.0400  0.8404 
0.0436  0.8298 
0.0473  0.8191 
0.0509  0.8085 
0.0545  0.7979 
0.0582  0.7872 
0.0618  0.7766 
0.0655  0.7660 
0.0691  0.7553 
0.0727  0.7447 
0.0764  0.7340 
0.0800  0.7234 
0.0836  0.7128 
0.0873  0.7021 
0.0909  0.6915 
0.0945  0.6809 
0.0982  0.6702 
0.1018  0.6596 
0.1055  0.6489 
0.1091  0.6383 
0.1127  0.6277 
0.1164  0.6170 
0.1200  0.6170 
0.1236  0.6064 
0.1273  0.6064 
0.1309  0.5957 
0.1345  0.5957 
0.1382  0.5851 
0.1418  0.5851 
0.1455  0.5745 
0.1491  0.5745 
0.1527  0.5638 
0.1564  0.5638 
0.1600  0.5532 
0.1636  0.5532 
0.1673  0.5426 
0.1709  0.5426 
0.1745  0.5319 
0.1782  0.5319 
0.1818  0.5213 
0.1855  0.5213 
0.1891  0.5106 
0.1927  0.5106 
0.1964  0.5000 
0.2000  0.5000 
0.2036  0.4894 
0.2073  0.4894 
0.2109  0.4894 
0.2145  0.4787 
0.2182  0.4787 
0.2218  0.4681 
0.2255  0.4681 
0.2291  0.4574 
0.2327  0.4574 
0.2364  0.4468 
0.2400  0.4468 
0.2436  0.4468 
0.2473  0.4362 
0.2509  0.4362 
0.2545  0.4362 
0.2582  0.4362 
0.2618  0.4255 
0.2655  0.4255 
0.2691  0.4255 
0.2727  0.4149 
0.2764  0.4149 
0.2800  0.4043 
0.2836  0.4043 
0.2873  0.3936 
0.2909  0.3830 
0.2945  0.3830 
0.2982  0.3723 
0.3018  0.3723 
0.3055  0.3723 
0.3091  0.3617 
0.3127  0.3617 
0.3164  0.3511 
0.3200  0.3511 
0.3236  0.3511 
0.3273  0.3511 
0.3309  0.3404 
0.3345  0.3404 
0.3382  0.3298 
0.3418  0.3298 
0.3455  0.3298 
0.3491  0.3191 
0.3527  0.3191 
0.3564  0.3191 
0.3600  0.3085 
0.3636  0.3085 
0.3673  0.3085 
0.3709  0.2979 
0.3745  0.2979 
0.3782  0.2979 
0.3818  0.2872 
0.3855  0.2872 
0.3891  0.2872 
0.3927  0.2766 
0.3964  0.2766 
0.4000  0.2766 
0.4036  0.2660 
0.4073  0.2660 
0.4109  0.2660 
0.4145  0.2553 
0.4182  0.2553 
0.4218  0.2553 
0.4255  0.2447 
0.4291  0.2447 
0.4327  0.2447 
0.4364  0.2340 
0.4400  0.2340 
0.4436  0.2340 
0.4473  0.2234 
0.4509  0.2234 
0.4545  0.2234 
0.4582  0.2234 
0.4618  0.2128 
0.4655  0.2128 
0.4691  0.2128 
0.4727  0.2128 
0.4764  0.2021 
0.4800  0.2021 
0.4836  0.2021 
0.4873  0.2021 
0.4909  0.1915 
0.4945  0.1915 
0.4982  0.1915 
0.5018  0.1915 
0.5055  0.1809 
0.5091  0.1809 
0.5127  0.1809 
0.5164  0.1809 
0.5200  0.1809 
0.5236  0.1809 
0.5273  0.1702 
0.5309  0.1702 
0.5345  0.1702 
0.5382  0.1702 
0.5418  0.1596 
0.5455  0.1596 
0.5491  0.1596 
0.5527  0.1596 
0.5564  0.1596 
0.5600  0.1489 
0.5636  0.1489 
0.5673  0.1489 
0.5709  0.1489 
0.5745  0.1489 
0.5782  0.1383 
0.5818  0.1383 
0.5855  0.1383 
0.5891  0.1383 
0.5927  0.1383 
0.5964  0.1277 
0.6000  0.1277 
0.6036  0.1277 
0.6073  0.1277 
0.6109  0.1277 
0.6145  0.1277 
0.6182  0.1170 
0.6218  0.1170 
0.6255  0.1170 
0.6291  0.1170 
0.6327  0.1170 
0.6364  0.1170 
0.6400  0.1170 
0.6436  0.1064 
0.6473  0.1064 
0.6509  0.1064 
0.6545  0.1064 
0.6582  0.1064 
0.6618  0.0957 
0.6655  0.0957 
0.6691  0.0957 
0.6727  0.0957 
0.6764  0.0957 
0.6800  0.0957 
0.6836  0.0957 
0.6873  0.0851 
0.6909  0.0851 
0.6945  0.0851 
0.6982  0.0851 
0.7018  0.0851 
0.7055  0.0851 
0.7091  0.0851 
0.7127  0.0851 
0.7164  0.0745 
0.7200  0.0745 
0.7236  0.0745 
0.7273  0.0745 
0.7309  0.0745 
0.7345  0.0745 
0.7382  0.0745 
0.7418  0.0638 
0.7455  0.0638 
0.7491  0.0638 
0.7527  0.0638 
0.7564  0.0638 
0.7600  0.0638 
0.7636  0.0638 
0.7673  0.0532 
0.7709  0.0532 
0.7745  0.0532 
0.7782  0.0532 
0.7818  0.0532 
0.7855  0.0532 
0.7891  0.0532 
0.7927  0.0532 
0.7964  0.0426 
0.8000  0.0426 
0.8036  0.0426 
0.8073  0.0426 
0.8109  0.0426 
0.8145  0.0426 
0.8182  0.0426 
0.8218  0.0426 
0.8255  0.0426 
0.8291  0.0426 
0.8327  0.0319 
0.8364  0.0319 
0.8400  0.0319 
0.8436  0.0319 
0.8473  0.0319 
0.8509  0.0319 
0.8545  0.0319 
0.8582  0.0319 
0.8618  0.0319 
0.8655  0.0319 
0.8691  0.0319 
0.8727  0.0319 
0.8764  0.0319 
0.8800  0.0319 
0.8836  0.0213 
0.8873  0.0213 
0.8909  0.0213 
0.8945  0.0213 
0.8982  0.0213 
0.9018  0.0213 
0.9055  0.0213 
0.9091  0.0213 
0.9127  0.0213 
0.9164  0.0213 
0.9200  0.0213 
0.9236  0.0213 
0.9273  0.0213 
0.9309  0.0213 
0.9345  0.0213 
0.9382  0.0106 
0.9418  0.0106 
0.9455  0.0106 
0.9491  0.0106 
0.9527  0.0106 
0.9564  0.0106 
0.9600  0.0106 
0.9636  0.0106 
0.9673  0.0106 
0.9709  0.0106 
0.9745  0.0106 
0.9782  0.0106 
0.9818  0.0106 
0.9855  0.0106 
0.9891  0.0106 
0.9927  0.0106 
0.9964  0.0000 
1.0000  0.0000 
