0.0000  1.0000 
0.0263  0.9091 
0.0526  0.9091 
0.0789  0.9091 
0.1053  0.9091 
0.1316  0.9091 
0.1579  0.8182 
0.1842  0.8182 
0.2105  0.8182 
0.2368  0.8182 
0.2632  0.8182 
0.2895  0.8182 
0.3158  0.7273 
0.3421  0.6364 
0.3684  0.6364 
0.3947  0.6364 
0.4211  0.5455 
0.4474  0.5455 
0.4737  0.5455 
0.5000  0.5455 
0.5263  0.5455 
0.5526  0.5455 
0.5789  0.5455 
0.6053  0.5455 
0.6316  0.4545 
0.6579  0.3636 
0.6842  0.3636 
0.7105  0.2727 
0.7368  0.2727 
0.7632  0.2727 
0.7895  0.1818 
0.8158  0.1818 
0.8421  0.1818 
0.8684  0.1818 
0.8947  0.0909 
0.9211  0.0909 
0.9474  0.0909 
0.9737  0.0000 
1.0000  0.0000 
