0.0000  1.0000 
0.0031  0.9909 
0.0063  0.9909 
0.0094  0.9818 
0.0126  0.9818 
0.0157  0.9818 
0.0189  0.9818 
0.0220  0.9636 
0.0252  0.9636 
0.0283  0.9636 
0.0314  0.9636 
0.0346  0.9364 
0.0377  0.9364 
0.0409  0.9182 
0.0440  0.9182 
0.0472  0.9182 
0.0503  0.9091 
0.0535  0.9000 
0.0566  0.8818 
0.0597  0.8818 
0.0629  0.8818 
0.0660  0.8818 
0.0692  0.8727 
0.0723  0.8636 
0.0755  0.8545 
0.0786  0.8455 
0.0818  0.8455 
0.0849  0.8455 
0.0881  0.8364 
0.0912  0.8273 
0.0943  0.8273 
0.0975  0.8182 
0.1006  0.8182 
0.1038  0.8000 
0.1069  0.7909 
0.1101  0.7909 
0.1132  0.7818 
0.1164  0.7636 
0.1195  0.7636 
0.1226  0.7636 
0.1258  0.7636 
0.1289  0.7636 
0.1321  0.7636 
0.1352  0.7636 
0.1384  0.7545 
0.1415  0.7455 
0.1447  0.7364 
0.1478  0.7364 
0.1509  0.7364 
0.1541  0.7364 
0.1572  0.7364 
0.1604  0.7364 
0.1635  0.7364 
0.1667  0.7364 
0.1698  0.7273 
0.1730  0.7273 
0.1761  0.7273 
0.1792  0.7182 
0.1824  0.7182 
0.1855  0.7182 
0.1887  0.7182 
0.1918  0.7182 
0.1950  0.7182 
0.1981  0.7182 
0.2013  0.7091 
0.2044  0.7091 
0.2075  0.7000 
0.2107  0.6818 
0.2138  0.6818 
0.2170  0.6818 
0.2201  0.6818 
0.2233  0.6818 
0.2264  0.6727 
0.2296  0.6727 
0.2327  0.6727 
0.2358  0.6727 
0.2390  0.6727 
0.2421  0.6727 
0.2453  0.6727 
0.2484  0.6727 
0.2516  0.6727 
0.2547  0.6727 
0.2579  0.6727 
0.2610  0.6636 
0.2642  0.6545 
0.2673  0.6545 
0.2704  0.6545 
0.2736  0.6545 
0.2767  0.6545 
0.2799  0.6545 
0.2830  0.6545 
0.2862  0.6545 
0.2893  0.6455 
0.2925  0.6364 
0.2956  0.6364 
0.2987  0.6364 
0.3019  0.6364 
0.3050  0.6273 
0.3082  0.6273 
0.3113  0.6273 
0.3145  0.6273 
0.3176  0.6273 
0.3208  0.6273 
0.3239  0.6273 
0.3270  0.6273 
0.3302  0.6273 
0.3333  0.6273 
0.3365  0.6273 
0.3396  0.6273 
0.3428  0.6273 
0.3459  0.6273 
0.3491  0.6273 
0.3522  0.6182 
0.3553  0.6000 
0.3585  0.5909 
0.3616  0.5818 
0.3648  0.5727 
0.3679  0.5636 
0.3711  0.5545 
0.3742  0.5455 
0.3774  0.5273 
0.3805  0.5273 
0.3836  0.5273 
0.3868  0.5273 
0.3899  0.5273 
0.3931  0.5273 
0.3962  0.5273 
0.3994  0.5273 
0.4025  0.5273 
0.4057  0.5273 
0.4088  0.5273 
0.4119  0.5273 
0.4151  0.5273 
0.4182  0.5273 
0.4214  0.5273 
0.4245  0.5273 
0.4277  0.5273 
0.4308  0.5273 
0.4340  0.5273 
0.4371  0.5182 
0.4403  0.5091 
0.4434  0.5091 
0.4465  0.5091 
0.4497  0.5091 
0.4528  0.5091 
0.4560  0.5000 
0.4591  0.5000 
0.4623  0.5000 
0.4654  0.5000 
0.4686  0.5000 
0.4717  0.5000 
0.4748  0.5000 
0.4780  0.5000 
0.4811  0.5000 
0.4843  0.5000 
0.4874  0.5000 
0.4906  0.4909 
0.4937  0.4909 
0.4969  0.4818 
0.5000  0.4818 
0.5031  0.4818 
0.5063  0.4727 
0.5094  0.4727 
0.5126  0.4727 
0.5157  0.4727 
0.5189  0.4727 
0.5220  0.4636 
0.5252  0.4636 
0.5283  0.4636 
0.5314  0.4636 
0.5346  0.4636 
0.5377  0.4636 
0.5409  0.4636 
0.5440  0.4636 
0.5472  0.4636 
0.5503  0.4636 
0.5535  0.4636 
0.5566  0.4636 
0.5597  0.4636 
0.5629  0.4636 
0.5660  0.4636 
0.5692  0.4636 
0.5723  0.4636 
0.5755  0.4636 
0.5786  0.4636 
0.5818  0.4636 
0.5849  0.4636 
0.5881  0.4636 
0.5912  0.4636 
0.5943  0.4636 
0.5975  0.4636 
0.6006  0.4636 
0.6038  0.4636 
0.6069  0.4636 
0.6101  0.4636 
0.6132  0.4636 
0.6164  0.4636 
0.6195  0.4636 
0.6226  0.4636 
0.6258  0.4636 
0.6289  0.4636 
0.6321  0.4636 
0.6352  0.4545 
0.6384  0.4545 
0.6415  0.4545 
0.6447  0.4545 
0.6478  0.4545 
0.6509  0.4545 
0.6541  0.4455 
0.6572  0.4455 
0.6604  0.4455 
0.6635  0.4455 
0.6667  0.4364 
0.6698  0.4364 
0.6730  0.4273 
0.6761  0.4273 
0.6792  0.4273 
0.6824  0.4273 
0.6855  0.4273 
0.6887  0.4273 
0.6918  0.4182 
0.6950  0.4182 
0.6981  0.4091 
0.7013  0.4091 
0.7044  0.4091 
0.7075  0.4091 
0.7107  0.4091 
0.7138  0.4091 
0.7170  0.4091 
0.7201  0.4091 
0.7233  0.4091 
0.7264  0.4091 
0.7296  0.4091 
0.7327  0.4000 
0.7358  0.3909 
0.7390  0.3909 
0.7421  0.3909 
0.7453  0.3909 
0.7484  0.3909 
0.7516  0.3909 
0.7547  0.3818 
0.7579  0.3727 
0.7610  0.3727 
0.7642  0.3727 
0.7673  0.3727 
0.7704  0.3636 
0.7736  0.3636 
0.7767  0.3545 
0.7799  0.3545 
0.7830  0.3545 
0.7862  0.3545 
0.7893  0.3455 
0.7925  0.3364 
0.7956  0.3273 
0.7987  0.3273 
0.8019  0.3273 
0.8050  0.3273 
0.8082  0.3182 
0.8113  0.3091 
0.8145  0.3091 
0.8176  0.3091 
0.8208  0.3000 
0.8239  0.2909 
0.8270  0.2818 
0.8302  0.2727 
0.8333  0.2636 
0.8365  0.2545 
0.8396  0.2455 
0.8428  0.2455 
0.8459  0.2364 
0.8491  0.2364 
0.8522  0.2364 
0.8553  0.2364 
0.8585  0.2273 
0.8616  0.2182 
0.8648  0.2091 
0.8679  0.2091 
0.8711  0.2091 
0.8742  0.2091 
0.8774  0.2000 
0.8805  0.1909 
0.8836  0.1909 
0.8868  0.1909 
0.8899  0.1909 
0.8931  0.1818 
0.8962  0.1727 
0.8994  0.1727 
0.9025  0.1727 
0.9057  0.1636 
0.9088  0.1545 
0.9119  0.1545 
0.9151  0.1455 
0.9182  0.1455 
0.9214  0.1364 
0.9245  0.1273 
0.9277  0.1273 
0.9308  0.1182 
0.9340  0.1182 
0.9371  0.1182 
0.9403  0.1091 
0.9434  0.1000 
0.9465  0.1000 
0.9497  0.1000 
0.9528  0.0909 
0.9560  0.0818 
0.9591  0.0818 
0.9623  0.0727 
0.9654  0.0636 
0.9686  0.0636 
0.9717  0.0636 
0.9748  0.0545 
0.9780  0.0455 
0.9811  0.0455 
0.9843  0.0364 
0.9874  0.0273 
0.9906  0.0182 
0.9937  0.0091 
0.9969  0.0000 
1.0000  0.0000 
