0.0000  1.0000 
0.0167  1.0000 
0.0333  1.0000 
0.0500  1.0000 
0.0667  1.0000 
0.0833  1.0000 
0.1000  1.0000 
0.1167  1.0000 
0.1333  1.0000 
0.1500  0.9444 
0.1667  0.9444 
0.1833  0.8889 
0.2000  0.8889 
0.2167  0.8889 
0.2333  0.8889 
0.2500  0.8889 
0.2667  0.8889 
0.2833  0.8889 
0.3000  0.8889 
0.3167  0.8333 
0.3333  0.8333 
0.3500  0.7778 
0.3667  0.7778 
0.3833  0.7778 
0.4000  0.7778 
0.4167  0.7778 
0.4333  0.7222 
0.4500  0.7222 
0.4667  0.7222 
0.4833  0.6667 
0.5000  0.6667 
0.5167  0.6111 
0.5333  0.5556 
0.5500  0.5000 
0.5667  0.5000 
0.5833  0.5000 
0.6000  0.4444 
0.6167  0.4444 
0.6333  0.4444 
0.6500  0.4444 
0.6667  0.4444 
0.6833  0.3889 
0.7000  0.3889 
0.7167  0.3889 
0.7333  0.3889 
0.7500  0.3889 
0.7667  0.3333 
0.7833  0.3333 
0.8000  0.2778 
0.8167  0.2222 
0.8333  0.2222 
0.8500  0.2222 
0.8667  0.1667 
0.8833  0.1111 
0.9000  0.1111 
0.9167  0.1111 
0.9333  0.1111 
0.9500  0.0556 
0.9667  0.0556 
0.9833  0.0000 
1.0000  0.0000 
