0.0000  1.0000 
0.0222  1.0000 
0.0444  1.0000 
0.0667  1.0000 
0.0889  1.0000 
0.1111  1.0000 
0.1333  1.0000 
0.1556  0.9524 
0.1778  0.9524 
0.2000  0.9524 
0.2222  0.9524 
0.2444  0.9524 
0.2667  0.9524 
0.2889  0.9524 
0.3111  0.9524 
0.3333  0.9524 
0.3556  0.9524 
0.3778  0.9524 
0.4000  0.9524 
0.4222  0.9524 
0.4444  0.9048 
0.4667  0.9048 
0.4889  0.9048 
0.5111  0.9048 
0.5333  0.9048 
0.5556  0.8571 
0.5778  0.8571 
0.6000  0.8571 
0.6222  0.8571 
0.6444  0.8095 
0.6667  0.7619 
0.6889  0.7619 
0.7111  0.7143 
0.7333  0.6667 
0.7556  0.6190 
0.7778  0.4762 
0.8000  0.3810 
0.8222  0.3333 
0.8444  0.2857 
0.8667  0.2381 
0.8889  0.1905 
0.9111  0.1905 
0.9333  0.1429 
0.9556  0.0952 
0.9778  0.0000 
1.0000  0.0000 
