0.0000  1.0000 
0.0156  0.9512 
0.0312  0.9024 
0.0469  0.8780 
0.0625  0.8537 
0.0781  0.8537 
0.0938  0.8293 
0.1094  0.8293 
0.1250  0.8049 
0.1406  0.7805 
0.1562  0.7561 
0.1719  0.7317 
0.1875  0.7073 
0.2031  0.7073 
0.2188  0.7073 
0.2344  0.7073 
0.2500  0.6829 
0.2656  0.6585 
0.2812  0.6585 
0.2969  0.6585 
0.3125  0.6341 
0.3281  0.6098 
0.3438  0.6098 
0.3594  0.6098 
0.3750  0.6098 
0.3906  0.5366 
0.4062  0.5122 
0.4219  0.4878 
0.4375  0.4878 
0.4531  0.4878 
0.4688  0.4634 
0.4844  0.4634 
0.5000  0.4634 
0.5156  0.4390 
0.5312  0.3902 
0.5469  0.3902 
0.5625  0.3659 
0.5781  0.3659 
0.5938  0.3659 
0.6094  0.3415 
0.6250  0.3415 
0.6406  0.3415 
0.6562  0.3171 
0.6719  0.3171 
0.6875  0.2927 
0.7031  0.2927 
0.7188  0.2683 
0.7344  0.2439 
0.7500  0.2195 
0.7656  0.2195 
0.7812  0.2195 
0.7969  0.1951 
0.8125  0.1951 
0.8281  0.1707 
0.8438  0.1463 
0.8594  0.1220 
0.8750  0.1220 
0.8906  0.0976 
0.9062  0.0976 
0.9219  0.0732 
0.9375  0.0732 
0.9531  0.0488 
0.9688  0.0244 
0.9844  0.0000 
1.0000  0.0000 
