0.0000  1.0000 
0.0164  0.9375 
0.0328  0.9375 
0.0492  0.8750 
0.0656  0.8125 
0.0820  0.8125 
0.0984  0.8125 
0.1148  0.8125 
0.1311  0.8125 
0.1475  0.8125 
0.1639  0.8125 
0.1803  0.6875 
0.1967  0.6875 
0.2131  0.6875 
0.2295  0.6250 
0.2459  0.6250 
0.2623  0.5625 
0.2787  0.5625 
0.2951  0.5625 
0.3115  0.5625 
0.3279  0.5625 
0.3443  0.5625 
0.3607  0.5625 
0.3770  0.5625 
0.3934  0.5625 
0.4098  0.5625 
0.4262  0.5625 
0.4426  0.5625 
0.4590  0.5625 
0.4754  0.5000 
0.4918  0.4375 
0.5082  0.3750 
0.5246  0.3750 
0.5410  0.3750 
0.5574  0.3750 
0.5738  0.3750 
0.5902  0.3750 
0.6066  0.3750 
0.6230  0.3750 
0.6393  0.3750 
0.6557  0.3750 
0.6721  0.3750 
0.6885  0.3750 
0.7049  0.3750 
0.7213  0.3750 
0.7377  0.3750 
0.7541  0.3750 
0.7705  0.3750 
0.7869  0.3750 
0.8033  0.3750 
0.8197  0.3125 
0.8361  0.3125 
0.8525  0.3125 
0.8689  0.3125 
0.8852  0.2500 
0.9016  0.1875 
0.9180  0.1875 
0.9344  0.1875 
0.9508  0.1250 
0.9672  0.0625 
0.9836  0.0000 
1.0000  0.0000 
