0.0000  1.0000 
0.0027  1.0000 
0.0055  1.0000 
0.0082  0.9888 
0.0110  0.9663 
0.0137  0.9551 
0.0164  0.9551 
0.0192  0.9438 
0.0219  0.9326 
0.0247  0.9326 
0.0274  0.8989 
0.0301  0.8989 
0.0329  0.8989 
0.0356  0.8989 
0.0384  0.8989 
0.0411  0.8989 
0.0438  0.8989 
0.0466  0.8989 
0.0493  0.8989 
0.0521  0.8989 
0.0548  0.8989 
0.0575  0.8989 
0.0603  0.8989 
0.0630  0.8764 
0.0658  0.8764 
0.0685  0.8764 
0.0712  0.8764 
0.0740  0.8652 
0.0767  0.8652 
0.0795  0.8652 
0.0822  0.8652 
0.0849  0.8652 
0.0877  0.8652 
0.0904  0.8539 
0.0932  0.8539 
0.0959  0.8539 
0.0986  0.8539 
0.1014  0.8539 
0.1041  0.8539 
0.1068  0.8427 
0.1096  0.8427 
0.1123  0.8427 
0.1151  0.8315 
0.1178  0.8202 
0.1205  0.8202 
0.1233  0.8202 
0.1260  0.8202 
0.1288  0.8202 
0.1315  0.8202 
0.1342  0.8202 
0.1370  0.8202 
0.1397  0.8202 
0.1425  0.8202 
0.1452  0.8202 
0.1479  0.8202 
0.1507  0.8202 
0.1534  0.8090 
0.1562  0.8090 
0.1589  0.7978 
0.1616  0.7978 
0.1644  0.7978 
0.1671  0.7865 
0.1699  0.7865 
0.1726  0.7865 
0.1753  0.7753 
0.1781  0.7753 
0.1808  0.7753 
0.1836  0.7753 
0.1863  0.7753 
0.1890  0.7753 
0.1918  0.7753 
0.1945  0.7753 
0.1973  0.7753 
0.2000  0.7753 
0.2027  0.7753 
0.2055  0.7753 
0.2082  0.7640 
0.2110  0.7640 
0.2137  0.7528 
0.2164  0.7416 
0.2192  0.7416 
0.2219  0.7303 
0.2247  0.7303 
0.2274  0.7303 
0.2301  0.7303 
0.2329  0.7303 
0.2356  0.7303 
0.2384  0.7303 
0.2411  0.7303 
0.2438  0.7303 
0.2466  0.7191 
0.2493  0.7191 
0.2521  0.7191 
0.2548  0.7191 
0.2575  0.7191 
0.2603  0.7079 
0.2630  0.7079 
0.2658  0.7079 
0.2685  0.7079 
0.2712  0.7079 
0.2740  0.7079 
0.2767  0.7079 
0.2795  0.7079 
0.2822  0.7079 
0.2849  0.7079 
0.2877  0.7079 
0.2904  0.7079 
0.2932  0.6966 
0.2959  0.6966 
0.2986  0.6966 
0.3014  0.6966 
0.3041  0.6966 
0.3068  0.6966 
0.3096  0.6966 
0.3123  0.6854 
0.3151  0.6854 
0.3178  0.6854 
0.3205  0.6854 
0.3233  0.6854 
0.3260  0.6742 
0.3288  0.6742 
0.3315  0.6742 
0.3342  0.6742 
0.3370  0.6629 
0.3397  0.6629 
0.3425  0.6629 
0.3452  0.6629 
0.3479  0.6629 
0.3507  0.6629 
0.3534  0.6629 
0.3562  0.6629 
0.3589  0.6629 
0.3616  0.6517 
0.3644  0.6404 
0.3671  0.6404 
0.3699  0.6404 
0.3726  0.6292 
0.3753  0.6292 
0.3781  0.6292 
0.3808  0.6292 
0.3836  0.6292 
0.3863  0.6292 
0.3890  0.6292 
0.3918  0.6292 
0.3945  0.6180 
0.3973  0.6180 
0.4000  0.6067 
0.4027  0.6067 
0.4055  0.6067 
0.4082  0.6067 
0.4110  0.6067 
0.4137  0.6067 
0.4164  0.6067 
0.4192  0.6067 
0.4219  0.6067 
0.4247  0.6067 
0.4274  0.5955 
0.4301  0.5955 
0.4329  0.5955 
0.4356  0.5955 
0.4384  0.5955 
0.4411  0.5955 
0.4438  0.5955 
0.4466  0.5955 
0.4493  0.5955 
0.4521  0.5955 
0.4548  0.5955 
0.4575  0.5955 
0.4603  0.5955 
0.4630  0.5955 
0.4658  0.5843 
0.4685  0.5843 
0.4712  0.5843 
0.4740  0.5843 
0.4767  0.5843 
0.4795  0.5843 
0.4822  0.5843 
0.4849  0.5843 
0.4877  0.5843 
0.4904  0.5843 
0.4932  0.5843 
0.4959  0.5843 
0.4986  0.5843 
0.5014  0.5843 
0.5041  0.5843 
0.5068  0.5843 
0.5096  0.5843 
0.5123  0.5843 
0.5151  0.5843 
0.5178  0.5843 
0.5205  0.5843 
0.5233  0.5843 
0.5260  0.5843 
0.5288  0.5843 
0.5315  0.5843 
0.5342  0.5843 
0.5370  0.5843 
0.5397  0.5843 
0.5425  0.5843 
0.5452  0.5843 
0.5479  0.5843 
0.5507  0.5843 
0.5534  0.5843 
0.5562  0.5843 
0.5589  0.5843 
0.5616  0.5843 
0.5644  0.5843 
0.5671  0.5730 
0.5699  0.5618 
0.5726  0.5506 
0.5753  0.5506 
0.5781  0.5506 
0.5808  0.5506 
0.5836  0.5506 
0.5863  0.5506 
0.5890  0.5506 
0.5918  0.5506 
0.5945  0.5506 
0.5973  0.5506 
0.6000  0.5393 
0.6027  0.5281 
0.6055  0.5281 
0.6082  0.5281 
0.6110  0.5281 
0.6137  0.5169 
0.6164  0.5056 
0.6192  0.4944 
0.6219  0.4944 
0.6247  0.4944 
0.6274  0.4944 
0.6301  0.4831 
0.6329  0.4719 
0.6356  0.4719 
0.6384  0.4607 
0.6411  0.4607 
0.6438  0.4607 
0.6466  0.4607 
0.6493  0.4607 
0.6521  0.4607 
0.6548  0.4607 
0.6575  0.4607 
0.6603  0.4607 
0.6630  0.4607 
0.6658  0.4607 
0.6685  0.4607 
0.6712  0.4607 
0.6740  0.4607 
0.6767  0.4607 
0.6795  0.4607 
0.6822  0.4607 
0.6849  0.4607 
0.6877  0.4607 
0.6904  0.4607 
0.6932  0.4607 
0.6959  0.4607 
0.6986  0.4607 
0.7014  0.4494 
0.7041  0.4382 
0.7068  0.4270 
0.7096  0.4270 
0.7123  0.4270 
0.7151  0.4157 
0.7178  0.4157 
0.7205  0.4157 
0.7233  0.4157 
0.7260  0.4157 
0.7288  0.4157 
0.7315  0.4157 
0.7342  0.4157 
0.7370  0.4045 
0.7397  0.4045 
0.7425  0.4045 
0.7452  0.4045 
0.7479  0.4045 
0.7507  0.4045 
0.7534  0.4045 
0.7562  0.3933 
0.7589  0.3820 
0.7616  0.3820 
0.7644  0.3820 
0.7671  0.3708 
0.7699  0.3596 
0.7726  0.3596 
0.7753  0.3596 
0.7781  0.3596 
0.7808  0.3596 
0.7836  0.3596 
0.7863  0.3483 
0.7890  0.3483 
0.7918  0.3371 
0.7945  0.3371 
0.7973  0.3371 
0.8000  0.3371 
0.8027  0.3258 
0.8055  0.3258 
0.8082  0.3258 
0.8110  0.3258 
0.8137  0.3146 
0.8164  0.3146 
0.8192  0.3146 
0.8219  0.3034 
0.8247  0.3034 
0.8274  0.3034 
0.8301  0.3034 
0.8329  0.2921 
0.8356  0.2921 
0.8384  0.2921 
0.8411  0.2809 
0.8438  0.2809 
0.8466  0.2697 
0.8493  0.2584 
0.8521  0.2584 
0.8548  0.2472 
0.8575  0.2472 
0.8603  0.2472 
0.8630  0.2472 
0.8658  0.2472 
0.8685  0.2472 
0.8712  0.2360 
0.8740  0.2247 
0.8767  0.2247 
0.8795  0.2247 
0.8822  0.2135 
0.8849  0.2022 
0.8877  0.1910 
0.8904  0.1910 
0.8932  0.1910 
0.8959  0.1910 
0.8986  0.1910 
0.9014  0.1910 
0.9041  0.1798 
0.9068  0.1685 
0.9096  0.1685 
0.9123  0.1685 
0.9151  0.1685 
0.9178  0.1685 
0.9205  0.1573 
0.9233  0.1461 
0.9260  0.1348 
0.9288  0.1348 
0.9315  0.1236 
0.9342  0.1236 
0.9370  0.1124 
0.9397  0.1011 
0.9425  0.1011 
0.9452  0.1011 
0.9479  0.1011 
0.9507  0.0899 
0.9534  0.0899 
0.9562  0.0899 
0.9589  0.0787 
0.9616  0.0787 
0.9644  0.0787 
0.9671  0.0787 
0.9699  0.0674 
0.9726  0.0674 
0.9753  0.0562 
0.9781  0.0562 
0.9808  0.0449 
0.9836  0.0449 
0.9863  0.0337 
0.9890  0.0225 
0.9918  0.0225 
0.9945  0.0112 
0.9973  0.0000 
1.0000  0.0000 
