0.0000  1.0000 
0.0015  0.9923 
0.0030  0.9846 
0.0045  0.9769 
0.0060  0.9769 
0.0075  0.9692 
0.0090  0.9615 
0.0105  0.9615 
0.0120  0.9538 
0.0135  0.9538 
0.0150  0.9462 
0.0165  0.9462 
0.0180  0.9385 
0.0195  0.9385 
0.0210  0.9385 
0.0225  0.9308 
0.0240  0.9308 
0.0255  0.9231 
0.0270  0.9231 
0.0285  0.9231 
0.0300  0.9231 
0.0315  0.9231 
0.0330  0.9231 
0.0345  0.9231 
0.0360  0.9231 
0.0375  0.9231 
0.0390  0.9231 
0.0405  0.9000 
0.0420  0.9000 
0.0435  0.9000 
0.0450  0.9000 
0.0465  0.9000 
0.0480  0.9000 
0.0495  0.8923 
0.0511  0.8923 
0.0526  0.8846 
0.0541  0.8846 
0.0556  0.8846 
0.0571  0.8769 
0.0586  0.8769 
0.0601  0.8769 
0.0616  0.8769 
0.0631  0.8692 
0.0646  0.8692 
0.0661  0.8692 
0.0676  0.8692 
0.0691  0.8615 
0.0706  0.8615 
0.0721  0.8615 
0.0736  0.8538 
0.0751  0.8538 
0.0766  0.8538 
0.0781  0.8462 
0.0796  0.8462 
0.0811  0.8462 
0.0826  0.8385 
0.0841  0.8385 
0.0856  0.8385 
0.0871  0.8385 
0.0886  0.8308 
0.0901  0.8308 
0.0916  0.8308 
0.0931  0.8231 
0.0946  0.8231 
0.0961  0.8231 
0.0976  0.8231 
0.0991  0.8231 
0.1006  0.8231 
0.1021  0.8231 
0.1036  0.8231 
0.1051  0.8231 
0.1066  0.8231 
0.1081  0.8154 
0.1096  0.8154 
0.1111  0.8154 
0.1126  0.8077 
0.1141  0.8077 
0.1156  0.8077 
0.1171  0.8077 
0.1186  0.8077 
0.1201  0.8077 
0.1216  0.8000 
0.1231  0.8000 
0.1246  0.7923 
0.1261  0.7923 
0.1276  0.7846 
0.1291  0.7846 
0.1306  0.7769 
0.1321  0.7692 
0.1336  0.7692 
0.1351  0.7692 
0.1366  0.7692 
0.1381  0.7692 
0.1396  0.7692 
0.1411  0.7692 
0.1426  0.7615 
0.1441  0.7538 
0.1456  0.7462 
0.1471  0.7462 
0.1486  0.7462 
0.1502  0.7385 
0.1517  0.7385 
0.1532  0.7385 
0.1547  0.7308 
0.1562  0.7308 
0.1577  0.7308 
0.1592  0.7231 
0.1607  0.7231 
0.1622  0.7231 
0.1637  0.7231 
0.1652  0.7154 
0.1667  0.7154 
0.1682  0.7154 
0.1697  0.7154 
0.1712  0.7077 
0.1727  0.7077 
0.1742  0.7077 
0.1757  0.7077 
0.1772  0.7077 
0.1787  0.7077 
0.1802  0.7000 
0.1817  0.7000 
0.1832  0.7000 
0.1847  0.6923 
0.1862  0.6923 
0.1877  0.6923 
0.1892  0.6923 
0.1907  0.6846 
0.1922  0.6846 
0.1937  0.6846 
0.1952  0.6846 
0.1967  0.6846 
0.1982  0.6846 
0.1997  0.6846 
0.2012  0.6846 
0.2027  0.6846 
0.2042  0.6846 
0.2057  0.6846 
0.2072  0.6846 
0.2087  0.6846 
0.2102  0.6769 
0.2117  0.6769 
0.2132  0.6769 
0.2147  0.6692 
0.2162  0.6692 
0.2177  0.6615 
0.2192  0.6615 
0.2207  0.6538 
0.2222  0.6538 
0.2237  0.6538 
0.2252  0.6462 
0.2267  0.6462 
0.2282  0.6462 
0.2297  0.6385 
0.2312  0.6385 
0.2327  0.6385 
0.2342  0.6308 
0.2357  0.6308 
0.2372  0.6231 
0.2387  0.6231 
0.2402  0.6231 
0.2417  0.6231 
0.2432  0.6231 
0.2447  0.6231 
0.2462  0.6154 
0.2477  0.6154 
0.2492  0.6154 
0.2508  0.6077 
0.2523  0.6077 
0.2538  0.6000 
0.2553  0.6000 
0.2568  0.6000 
0.2583  0.5923 
0.2598  0.5923 
0.2613  0.5923 
0.2628  0.5846 
0.2643  0.5846 
0.2658  0.5846 
0.2673  0.5769 
0.2688  0.5769 
0.2703  0.5769 
0.2718  0.5692 
0.2733  0.5692 
0.2748  0.5692 
0.2763  0.5692 
0.2778  0.5692 
0.2793  0.5615 
0.2808  0.5615 
0.2823  0.5615 
0.2838  0.5615 
0.2853  0.5538 
0.2868  0.5538 
0.2883  0.5462 
0.2898  0.5462 
0.2913  0.5462 
0.2928  0.5462 
0.2943  0.5385 
0.2958  0.5385 
0.2973  0.5385 
0.2988  0.5385 
0.3003  0.5308 
0.3018  0.5308 
0.3033  0.5308 
0.3048  0.5231 
0.3063  0.5231 
0.3078  0.5231 
0.3093  0.5231 
0.3108  0.5154 
0.3123  0.5154 
0.3138  0.5154 
0.3153  0.5154 
0.3168  0.5077 
0.3183  0.5077 
0.3198  0.5077 
0.3213  0.5077 
0.3228  0.5077 
0.3243  0.5077 
0.3258  0.5000 
0.3273  0.5000 
0.3288  0.5000 
0.3303  0.5000 
0.3318  0.4923 
0.3333  0.4923 
0.3348  0.4923 
0.3363  0.4923 
0.3378  0.4846 
0.3393  0.4846 
0.3408  0.4846 
0.3423  0.4846 
0.3438  0.4769 
0.3453  0.4769 
0.3468  0.4769 
0.3483  0.4769 
0.3498  0.4769 
0.3514  0.4692 
0.3529  0.4692 
0.3544  0.4692 
0.3559  0.4692 
0.3574  0.4615 
0.3589  0.4615 
0.3604  0.4615 
0.3619  0.4615 
0.3634  0.4615 
0.3649  0.4538 
0.3664  0.4538 
0.3679  0.4538 
0.3694  0.4538 
0.3709  0.4538 
0.3724  0.4538 
0.3739  0.4462 
0.3754  0.4462 
0.3769  0.4462 
0.3784  0.4462 
0.3799  0.4462 
0.3814  0.4462 
0.3829  0.4385 
0.3844  0.4385 
0.3859  0.4385 
0.3874  0.4308 
0.3889  0.4308 
0.3904  0.4308 
0.3919  0.4308 
0.3934  0.4308 
0.3949  0.4231 
0.3964  0.4231 
0.3979  0.4231 
0.3994  0.4231 
0.4009  0.4231 
0.4024  0.4231 
0.4039  0.4231 
0.4054  0.4231 
0.4069  0.4231 
0.4084  0.4231 
0.4099  0.4231 
0.4114  0.4154 
0.4129  0.4154 
0.4144  0.4077 
0.4159  0.4077 
0.4174  0.4077 
0.4189  0.4077 
0.4204  0.4077 
0.4219  0.4077 
0.4234  0.4077 
0.4249  0.4077 
0.4264  0.4077 
0.4279  0.4077 
0.4294  0.4077 
0.4309  0.4077 
0.4324  0.4077 
0.4339  0.4000 
0.4354  0.4000 
0.4369  0.4000 
0.4384  0.4000 
0.4399  0.3923 
0.4414  0.3923 
0.4429  0.3923 
0.4444  0.3923 
0.4459  0.3923 
0.4474  0.3923 
0.4489  0.3846 
0.4505  0.3846 
0.4520  0.3846 
0.4535  0.3769 
0.4550  0.3769 
0.4565  0.3769 
0.4580  0.3769 
0.4595  0.3692 
0.4610  0.3692 
0.4625  0.3692 
0.4640  0.3692 
0.4655  0.3692 
0.4670  0.3692 
0.4685  0.3615 
0.4700  0.3615 
0.4715  0.3538 
0.4730  0.3538 
0.4745  0.3538 
0.4760  0.3538 
0.4775  0.3538 
0.4790  0.3462 
0.4805  0.3462 
0.4820  0.3462 
0.4835  0.3462 
0.4850  0.3385 
0.4865  0.3385 
0.4880  0.3385 
0.4895  0.3308 
0.4910  0.3308 
0.4925  0.3308 
0.4940  0.3308 
0.4955  0.3308 
0.4970  0.3308 
0.4985  0.3308 
0.5000  0.3308 
0.5015  0.3308 
0.5030  0.3308 
0.5045  0.3308 
0.5060  0.3308 
0.5075  0.3308 
0.5090  0.3308 
0.5105  0.3231 
0.5120  0.3231 
0.5135  0.3231 
0.5150  0.3231 
0.5165  0.3154 
0.5180  0.3154 
0.5195  0.3154 
0.5210  0.3154 
0.5225  0.3154 
0.5240  0.3077 
0.5255  0.3077 
0.5270  0.3077 
0.5285  0.3077 
0.5300  0.3077 
0.5315  0.3077 
0.5330  0.3077 
0.5345  0.3000 
0.5360  0.2923 
0.5375  0.2923 
0.5390  0.2846 
0.5405  0.2846 
0.5420  0.2846 
0.5435  0.2846 
0.5450  0.2846 
0.5465  0.2846 
0.5480  0.2846 
0.5495  0.2846 
0.5511  0.2769 
0.5526  0.2769 
0.5541  0.2769 
0.5556  0.2769 
0.5571  0.2769 
0.5586  0.2692 
0.5601  0.2692 
0.5616  0.2692 
0.5631  0.2692 
0.5646  0.2692 
0.5661  0.2692 
0.5676  0.2692 
0.5691  0.2692 
0.5706  0.2615 
0.5721  0.2615 
0.5736  0.2615 
0.5751  0.2615 
0.5766  0.2615 
0.5781  0.2615 
0.5796  0.2615 
0.5811  0.2538 
0.5826  0.2538 
0.5841  0.2538 
0.5856  0.2538 
0.5871  0.2462 
0.5886  0.2462 
0.5901  0.2462 
0.5916  0.2462 
0.5931  0.2462 
0.5946  0.2385 
0.5961  0.2385 
0.5976  0.2385 
0.5991  0.2385 
0.6006  0.2385 
0.6021  0.2385 
0.6036  0.2385 
0.6051  0.2385 
0.6066  0.2308 
0.6081  0.2308 
0.6096  0.2308 
0.6111  0.2231 
0.6126  0.2231 
0.6141  0.2231 
0.6156  0.2231 
0.6171  0.2231 
0.6186  0.2231 
0.6201  0.2231 
0.6216  0.2154 
0.6231  0.2154 
0.6246  0.2154 
0.6261  0.2154 
0.6276  0.2154 
0.6291  0.2154 
0.6306  0.2077 
0.6321  0.2077 
0.6336  0.2077 
0.6351  0.2077 
0.6366  0.2077 
0.6381  0.2077 
0.6396  0.2000 
0.6411  0.2000 
0.6426  0.2000 
0.6441  0.2000 
0.6456  0.2000 
0.6471  0.2000 
0.6486  0.2000 
0.6502  0.2000 
0.6517  0.2000 
0.6532  0.2000 
0.6547  0.1923 
0.6562  0.1923 
0.6577  0.1923 
0.6592  0.1923 
0.6607  0.1846 
0.6622  0.1846 
0.6637  0.1846 
0.6652  0.1846 
0.6667  0.1846 
0.6682  0.1769 
0.6697  0.1769 
0.6712  0.1769 
0.6727  0.1769 
0.6742  0.1769 
0.6757  0.1769 
0.6772  0.1692 
0.6787  0.1692 
0.6802  0.1692 
0.6817  0.1692 
0.6832  0.1692 
0.6847  0.1692 
0.6862  0.1615 
0.6877  0.1615 
0.6892  0.1615 
0.6907  0.1615 
0.6922  0.1615 
0.6937  0.1615 
0.6952  0.1615 
0.6967  0.1538 
0.6982  0.1538 
0.6997  0.1538 
0.7012  0.1538 
0.7027  0.1538 
0.7042  0.1538 
0.7057  0.1538 
0.7072  0.1538 
0.7087  0.1538 
0.7102  0.1462 
0.7117  0.1462 
0.7132  0.1462 
0.7147  0.1462 
0.7162  0.1462 
0.7177  0.1462 
0.7192  0.1462 
0.7207  0.1462 
0.7222  0.1462 
0.7237  0.1462 
0.7252  0.1462 
0.7267  0.1385 
0.7282  0.1385 
0.7297  0.1385 
0.7312  0.1385 
0.7327  0.1385 
0.7342  0.1385 
0.7357  0.1308 
0.7372  0.1308 
0.7387  0.1308 
0.7402  0.1308 
0.7417  0.1308 
0.7432  0.1308 
0.7447  0.1308 
0.7462  0.1308 
0.7477  0.1231 
0.7492  0.1231 
0.7508  0.1231 
0.7523  0.1231 
0.7538  0.1231 
0.7553  0.1231 
0.7568  0.1154 
0.7583  0.1154 
0.7598  0.1154 
0.7613  0.1154 
0.7628  0.1154 
0.7643  0.1154 
0.7658  0.1154 
0.7673  0.1154 
0.7688  0.1154 
0.7703  0.1077 
0.7718  0.1077 
0.7733  0.1077 
0.7748  0.1077 
0.7763  0.1077 
0.7778  0.1077 
0.7793  0.1077 
0.7808  0.1077 
0.7823  0.1000 
0.7838  0.1000 
0.7853  0.1000 
0.7868  0.1000 
0.7883  0.1000 
0.7898  0.1000 
0.7913  0.0923 
0.7928  0.0923 
0.7943  0.0923 
0.7958  0.0923 
0.7973  0.0923 
0.7988  0.0923 
0.8003  0.0923 
0.8018  0.0846 
0.8033  0.0846 
0.8048  0.0846 
0.8063  0.0846 
0.8078  0.0846 
0.8093  0.0846 
0.8108  0.0846 
0.8123  0.0846 
0.8138  0.0846 
0.8153  0.0846 
0.8168  0.0846 
0.8183  0.0846 
0.8198  0.0846 
0.8213  0.0769 
0.8228  0.0769 
0.8243  0.0769 
0.8258  0.0769 
0.8273  0.0769 
0.8288  0.0769 
0.8303  0.0769 
0.8318  0.0692 
0.8333  0.0692 
0.8348  0.0692 
0.8363  0.0692 
0.8378  0.0692 
0.8393  0.0615 
0.8408  0.0615 
0.8423  0.0615 
0.8438  0.0615 
0.8453  0.0615 
0.8468  0.0615 
0.8483  0.0615 
0.8498  0.0538 
0.8514  0.0538 
0.8529  0.0538 
0.8544  0.0538 
0.8559  0.0538 
0.8574  0.0538 
0.8589  0.0538 
0.8604  0.0538 
0.8619  0.0538 
0.8634  0.0462 
0.8649  0.0462 
0.8664  0.0462 
0.8679  0.0462 
0.8694  0.0462 
0.8709  0.0462 
0.8724  0.0462 
0.8739  0.0462 
0.8754  0.0462 
0.8769  0.0462 
0.8784  0.0462 
0.8799  0.0462 
0.8814  0.0385 
0.8829  0.0385 
0.8844  0.0385 
0.8859  0.0385 
0.8874  0.0385 
0.8889  0.0385 
0.8904  0.0385 
0.8919  0.0385 
0.8934  0.0385 
0.8949  0.0385 
0.8964  0.0385 
0.8979  0.0385 
0.8994  0.0385 
0.9009  0.0385 
0.9024  0.0308 
0.9039  0.0308 
0.9054  0.0308 
0.9069  0.0308 
0.9084  0.0308 
0.9099  0.0308 
0.9114  0.0308 
0.9129  0.0308 
0.9144  0.0308 
0.9159  0.0308 
0.9174  0.0308 
0.9189  0.0308 
0.9204  0.0308 
0.9219  0.0308 
0.9234  0.0231 
0.9249  0.0231 
0.9264  0.0231 
0.9279  0.0231 
0.9294  0.0231 
0.9309  0.0231 
0.9324  0.0231 
0.9339  0.0231 
0.9354  0.0231 
0.9369  0.0231 
0.9384  0.0231 
0.9399  0.0231 
0.9414  0.0231 
0.9429  0.0231 
0.9444  0.0231 
0.9459  0.0231 
0.9474  0.0154 
0.9489  0.0154 
0.9505  0.0154 
0.9520  0.0154 
0.9535  0.0154 
0.9550  0.0154 
0.9565  0.0154 
0.9580  0.0154 
0.9595  0.0154 
0.9610  0.0154 
0.9625  0.0154 
0.9640  0.0154 
0.9655  0.0154 
0.9670  0.0154 
0.9685  0.0154 
0.9700  0.0154 
0.9715  0.0077 
0.9730  0.0077 
0.9745  0.0077 
0.9760  0.0077 
0.9775  0.0077 
0.9790  0.0077 
0.9805  0.0077 
0.9820  0.0077 
0.9835  0.0077 
0.9850  0.0077 
0.9865  0.0077 
0.9880  0.0077 
0.9895  0.0077 
0.9910  0.0077 
0.9925  0.0077 
0.9940  0.0077 
0.9955  0.0077 
0.9970  0.0077 
0.9985  0.0000 
1.0000  0.0000 
