0.0000  1.0000 
0.0099  0.9605 
0.0198  0.9079 
0.0297  0.8684 
0.0396  0.8289 
0.0495  0.8026 
0.0594  0.7763 
0.0693  0.7632 
0.0792  0.7368 
0.0891  0.7105 
0.0990  0.6974 
0.1089  0.6842 
0.1188  0.6711 
0.1287  0.6579 
0.1386  0.6447 
0.1485  0.6316 
0.1584  0.6184 
0.1683  0.6053 
0.1782  0.5921 
0.1881  0.5789 
0.1980  0.5658 
0.2079  0.5526 
0.2178  0.5395 
0.2277  0.5263 
0.2376  0.5132 
0.2475  0.5000 
0.2574  0.4868 
0.2673  0.4737 
0.2772  0.4605 
0.2871  0.4474 
0.2970  0.4342 
0.3069  0.4211 
0.3168  0.4079 
0.3267  0.3947 
0.3366  0.3816 
0.3465  0.3684 
0.3564  0.3553 
0.3663  0.3553 
0.3762  0.3421 
0.3861  0.3289 
0.3960  0.3289 
0.4059  0.3158 
0.4158  0.3026 
0.4257  0.3026 
0.4356  0.2895 
0.4455  0.2763 
0.4554  0.2763 
0.4653  0.2632 
0.4752  0.2632 
0.4851  0.2500 
0.4950  0.2500 
0.5050  0.2368 
0.5149  0.2368 
0.5248  0.2237 
0.5347  0.2237 
0.5446  0.2105 
0.5545  0.2105 
0.5644  0.1974 
0.5743  0.1974 
0.5842  0.1842 
0.5941  0.1842 
0.6040  0.1711 
0.6139  0.1711 
0.6238  0.1579 
0.6337  0.1579 
0.6436  0.1447 
0.6535  0.1447 
0.6634  0.1447 
0.6733  0.1316 
0.6832  0.1316 
0.6931  0.1184 
0.7030  0.1184 
0.7129  0.1184 
0.7228  0.1053 
0.7327  0.1053 
0.7426  0.1053 
0.7525  0.0921 
0.7624  0.0921 
0.7723  0.0921 
0.7822  0.0789 
0.7921  0.0789 
0.8020  0.0789 
0.8119  0.0658 
0.8218  0.0658 
0.8317  0.0658 
0.8416  0.0526 
0.8515  0.0526 
0.8614  0.0526 
0.8713  0.0395 
0.8812  0.0395 
0.8911  0.0395 
0.9010  0.0395 
0.9109  0.0263 
0.9208  0.0263 
0.9307  0.0263 
0.9406  0.0263 
0.9505  0.0132 
0.9604  0.0132 
0.9703  0.0132 
0.9802  0.0132 
0.9901  0.0000 
1.0000  0.0000 
