0.0000  1.0000 
0.0278  0.8571 
0.0556  0.8571 
0.0833  0.7143 
0.1111  0.7143 
0.1389  0.7143 
0.1667  0.7143 
0.1944  0.7143 
0.2222  0.7143 
0.2500  0.7143 
0.2778  0.6429 
0.3056  0.6429 
0.3333  0.6429 
0.3611  0.5714 
0.3889  0.5714 
0.4167  0.5714 
0.4444  0.5714 
0.4722  0.5714 
0.5000  0.5714 
0.5278  0.5714 
0.5556  0.5714 
0.5833  0.5714 
0.6111  0.5714 
0.6389  0.5000 
0.6667  0.5000 
0.6944  0.4286 
0.7222  0.4286 
0.7500  0.4286 
0.7778  0.4286 
0.8056  0.3571 
0.8333  0.2857 
0.8611  0.2143 
0.8889  0.2143 
0.9167  0.1429 
0.9444  0.0714 
0.9722  0.0000 
1.0000  0.0000 
