0.0000  1.0000 
0.0204  0.9348 
0.0408  0.8913 
0.0612  0.8696 
0.0816  0.8478 
0.1020  0.8043 
0.1224  0.7609 
0.1429  0.7174 
0.1633  0.6739 
0.1837  0.6304 
0.2041  0.5435 
0.2245  0.5217 
0.2449  0.5000 
0.2653  0.4783 
0.2857  0.4565 
0.3061  0.4348 
0.3265  0.4130 
0.3469  0.3913 
0.3673  0.3696 
0.3878  0.3696 
0.4082  0.3261 
0.4286  0.3043 
0.4490  0.2826 
0.4694  0.2609 
0.4898  0.2391 
0.5102  0.2391 
0.5306  0.2174 
0.5510  0.2174 
0.5714  0.1957 
0.5918  0.1957 
0.6122  0.1739 
0.6327  0.1739 
0.6531  0.1522 
0.6735  0.1522 
0.6939  0.1304 
0.7143  0.1304 
0.7347  0.1087 
0.7551  0.1087 
0.7755  0.0870 
0.7959  0.0870 
0.8163  0.0652 
0.8367  0.0652 
0.8571  0.0652 
0.8776  0.0435 
0.8980  0.0435 
0.9184  0.0217 
0.9388  0.0217 
0.9592  0.0217 
0.9796  0.0000 
1.0000  0.0000 
