0.0000  1.0000 
0.0123  0.8846 
0.0247  0.8846 
0.0370  0.8846 
0.0494  0.8846 
0.0617  0.8846 
0.0741  0.8846 
0.0864  0.8846 
0.0988  0.8846 
0.1111  0.8846 
0.1235  0.8846 
0.1358  0.8846 
0.1481  0.8846 
0.1605  0.8846 
0.1728  0.8462 
0.1852  0.8077 
0.1975  0.8077 
0.2099  0.7308 
0.2222  0.7308 
0.2346  0.7308 
0.2469  0.7308 
0.2593  0.7308 
0.2716  0.7308 
0.2840  0.6923 
0.2963  0.6923 
0.3086  0.6923 
0.3210  0.6923 
0.3333  0.6923 
0.3457  0.6923 
0.3580  0.6538 
0.3704  0.6538 
0.3827  0.6538 
0.3951  0.6538 
0.4074  0.6538 
0.4198  0.6538 
0.4321  0.6538 
0.4444  0.6538 
0.4568  0.6538 
0.4691  0.6538 
0.4815  0.6538 
0.4938  0.6154 
0.5062  0.6154 
0.5185  0.6154 
0.5309  0.6154 
0.5432  0.6154 
0.5556  0.6154 
0.5679  0.6154 
0.5802  0.6154 
0.5926  0.5769 
0.6049  0.5769 
0.6173  0.5769 
0.6296  0.5769 
0.6420  0.5769 
0.6543  0.5385 
0.6667  0.5385 
0.6790  0.5385 
0.6914  0.5385 
0.7037  0.5385 
0.7160  0.5385 
0.7284  0.5385 
0.7407  0.5385 
0.7531  0.5385 
0.7654  0.5385 
0.7778  0.5385 
0.7901  0.5385 
0.8025  0.5385 
0.8148  0.5000 
0.8272  0.5000 
0.8395  0.4615 
0.8519  0.4231 
0.8642  0.4231 
0.8765  0.3846 
0.8889  0.3462 
0.9012  0.3077 
0.9136  0.2692 
0.9259  0.2308 
0.9383  0.1538 
0.9506  0.1154 
0.9630  0.0769 
0.9753  0.0385 
0.9877  0.0000 
1.0000  0.0000 
