0.0000  1.0000 
0.0204  0.9792 
0.0408  0.9583 
0.0612  0.9167 
0.0816  0.9167 
0.1020  0.8958 
0.1224  0.7500 
0.1429  0.7500 
0.1633  0.7083 
0.1837  0.6458 
0.2041  0.5625 
0.2245  0.5625 
0.2449  0.5625 
0.2653  0.5417 
0.2857  0.5417 
0.3061  0.5417 
0.3265  0.5208 
0.3469  0.4792 
0.3673  0.4583 
0.3878  0.4375 
0.4082  0.4375 
0.4286  0.4375 
0.4490  0.4167 
0.4694  0.3958 
0.4898  0.3750 
0.5102  0.3542 
0.5306  0.3333 
0.5510  0.3333 
0.5714  0.3125 
0.5918  0.2708 
0.6122  0.2708 
0.6327  0.2292 
0.6531  0.2292 
0.6735  0.2083 
0.6939  0.1875 
0.7143  0.1875 
0.7347  0.1875 
0.7551  0.1667 
0.7755  0.1458 
0.7959  0.1250 
0.8163  0.1250 
0.8367  0.1042 
0.8571  0.0833 
0.8776  0.0625 
0.8980  0.0417 
0.9184  0.0417 
0.9388  0.0417 
0.9592  0.0208 
0.9796  0.0000 
1.0000  0.0000 
