0.0000  1.0000 
0.0278  0.9245 
0.0556  0.7736 
0.0833  0.7358 
0.1111  0.6415 
0.1389  0.6226 
0.1667  0.6226 
0.1944  0.5849 
0.2222  0.5472 
0.2500  0.5472 
0.2778  0.4906 
0.3056  0.4717 
0.3333  0.4528 
0.3611  0.4340 
0.3889  0.4151 
0.4167  0.3774 
0.4444  0.3774 
0.4722  0.3774 
0.5000  0.3585 
0.5278  0.3396 
0.5556  0.3208 
0.5833  0.3208 
0.6111  0.3019 
0.6389  0.2642 
0.6667  0.2264 
0.6944  0.2264 
0.7222  0.1887 
0.7500  0.1887 
0.7778  0.1698 
0.8056  0.1321 
0.8333  0.1132 
0.8611  0.0943 
0.8889  0.0566 
0.9167  0.0377 
0.9444  0.0189 
0.9722  0.0000 
1.0000  0.0000 
