0.0000  1.0000 
0.0011  0.9727 
0.0023  0.9273 
0.0034  0.9182 
0.0045  0.9091 
0.0057  0.9000 
0.0068  0.8909 
0.0079  0.8818 
0.0091  0.8727 
0.0102  0.8636 
0.0113  0.8545 
0.0125  0.8455 
0.0136  0.8364 
0.0147  0.8273 
0.0159  0.8182 
0.0170  0.8091 
0.0181  0.8000 
0.0193  0.7909 
0.0204  0.7818 
0.0215  0.7727 
0.0227  0.7636 
0.0238  0.7545 
0.0249  0.7455 
0.0260  0.7364 
0.0272  0.7364 
0.0283  0.7273 
0.0294  0.7273 
0.0306  0.7182 
0.0317  0.7182 
0.0328  0.7182 
0.0340  0.7182 
0.0351  0.7091 
0.0362  0.7000 
0.0374  0.7000 
0.0385  0.6909 
0.0396  0.6818 
0.0408  0.6818 
0.0419  0.6727 
0.0430  0.6727 
0.0442  0.6727 
0.0453  0.6636 
0.0464  0.6636 
0.0476  0.6545 
0.0487  0.6545 
0.0498  0.6455 
0.0510  0.6364 
0.0521  0.6364 
0.0532  0.6364 
0.0544  0.6273 
0.0555  0.6273 
0.0566  0.6273 
0.0578  0.6273 
0.0589  0.6273 
0.0600  0.6182 
0.0612  0.6182 
0.0623  0.6182 
0.0634  0.6091 
0.0646  0.6000 
0.0657  0.5909 
0.0668  0.5909 
0.0680  0.5818 
0.0691  0.5818 
0.0702  0.5727 
0.0713  0.5727 
0.0725  0.5727 
0.0736  0.5636 
0.0747  0.5636 
0.0759  0.5636 
0.0770  0.5545 
0.0781  0.5545 
0.0793  0.5545 
0.0804  0.5455 
0.0815  0.5455 
0.0827  0.5455 
0.0838  0.5455 
0.0849  0.5364 
0.0861  0.5364 
0.0872  0.5364 
0.0883  0.5364 
0.0895  0.5273 
0.0906  0.5273 
0.0917  0.5182 
0.0929  0.5182 
0.0940  0.5182 
0.0951  0.5182 
0.0963  0.5091 
0.0974  0.5000 
0.0985  0.5000 
0.0997  0.5000 
0.1008  0.5000 
0.1019  0.4909 
0.1031  0.4909 
0.1042  0.4909 
0.1053  0.4909 
0.1065  0.4909 
0.1076  0.4818 
0.1087  0.4818 
0.1099  0.4818 
0.1110  0.4818 
0.1121  0.4818 
0.1133  0.4818 
0.1144  0.4727 
0.1155  0.4727 
0.1166  0.4636 
0.1178  0.4636 
0.1189  0.4636 
0.1200  0.4545 
0.1212  0.4545 
0.1223  0.4545 
0.1234  0.4545 
0.1246  0.4545 
0.1257  0.4455 
0.1268  0.4455 
0.1280  0.4455 
0.1291  0.4364 
0.1302  0.4364 
0.1314  0.4364 
0.1325  0.4364 
0.1336  0.4364 
0.1348  0.4364 
0.1359  0.4273 
0.1370  0.4273 
0.1382  0.4273 
0.1393  0.4273 
0.1404  0.4273 
0.1416  0.4273 
0.1427  0.4182 
0.1438  0.4182 
0.1450  0.4182 
0.1461  0.4091 
0.1472  0.4091 
0.1484  0.4091 
0.1495  0.4091 
0.1506  0.4091 
0.1518  0.4091 
0.1529  0.4000 
0.1540  0.4000 
0.1552  0.4000 
0.1563  0.4000 
0.1574  0.3909 
0.1586  0.3909 
0.1597  0.3909 
0.1608  0.3909 
0.1619  0.3909 
0.1631  0.3909 
0.1642  0.3909 
0.1653  0.3909 
0.1665  0.3818 
0.1676  0.3818 
0.1687  0.3727 
0.1699  0.3727 
0.1710  0.3727 
0.1721  0.3727 
0.1733  0.3727 
0.1744  0.3636 
0.1755  0.3636 
0.1767  0.3636 
0.1778  0.3636 
0.1789  0.3636 
0.1801  0.3636 
0.1812  0.3636 
0.1823  0.3545 
0.1835  0.3545 
0.1846  0.3545 
0.1857  0.3545 
0.1869  0.3545 
0.1880  0.3545 
0.1891  0.3455 
0.1903  0.3455 
0.1914  0.3455 
0.1925  0.3455 
0.1937  0.3455 
0.1948  0.3364 
0.1959  0.3364 
0.1971  0.3364 
0.1982  0.3364 
0.1993  0.3364 
0.2005  0.3364 
0.2016  0.3273 
0.2027  0.3273 
0.2039  0.3273 
0.2050  0.3273 
0.2061  0.3273 
0.2072  0.3273 
0.2084  0.3182 
0.2095  0.3182 
0.2106  0.3182 
0.2118  0.3182 
0.2129  0.3182 
0.2140  0.3182 
0.2152  0.3182 
0.2163  0.3182 
0.2174  0.3091 
0.2186  0.3091 
0.2197  0.3091 
0.2208  0.3091 
0.2220  0.3091 
0.2231  0.3091 
0.2242  0.3091 
0.2254  0.3091 
0.2265  0.3000 
0.2276  0.3000 
0.2288  0.3000 
0.2299  0.3000 
0.2310  0.3000 
0.2322  0.3000 
0.2333  0.3000 
0.2344  0.2909 
0.2356  0.2909 
0.2367  0.2909 
0.2378  0.2909 
0.2390  0.2909 
0.2401  0.2909 
0.2412  0.2818 
0.2424  0.2818 
0.2435  0.2818 
0.2446  0.2818 
0.2458  0.2818 
0.2469  0.2818 
0.2480  0.2818 
0.2492  0.2818 
0.2503  0.2818 
0.2514  0.2727 
0.2525  0.2727 
0.2537  0.2727 
0.2548  0.2727 
0.2559  0.2727 
0.2571  0.2727 
0.2582  0.2727 
0.2593  0.2636 
0.2605  0.2636 
0.2616  0.2636 
0.2627  0.2636 
0.2639  0.2636 
0.2650  0.2636 
0.2661  0.2636 
0.2673  0.2636 
0.2684  0.2545 
0.2695  0.2545 
0.2707  0.2545 
0.2718  0.2545 
0.2729  0.2545 
0.2741  0.2545 
0.2752  0.2545 
0.2763  0.2545 
0.2775  0.2545 
0.2786  0.2455 
0.2797  0.2455 
0.2809  0.2455 
0.2820  0.2455 
0.2831  0.2455 
0.2843  0.2455 
0.2854  0.2455 
0.2865  0.2455 
0.2877  0.2455 
0.2888  0.2455 
0.2899  0.2455 
0.2911  0.2455 
0.2922  0.2455 
0.2933  0.2364 
0.2945  0.2364 
0.2956  0.2364 
0.2967  0.2364 
0.2978  0.2364 
0.2990  0.2364 
0.3001  0.2364 
0.3012  0.2364 
0.3024  0.2364 
0.3035  0.2364 
0.3046  0.2364 
0.3058  0.2364 
0.3069  0.2364 
0.3080  0.2364 
0.3092  0.2364 
0.3103  0.2364 
0.3114  0.2364 
0.3126  0.2364 
0.3137  0.2364 
0.3148  0.2364 
0.3160  0.2364 
0.3171  0.2364 
0.3182  0.2364 
0.3194  0.2273 
0.3205  0.2273 
0.3216  0.2273 
0.3228  0.2273 
0.3239  0.2273 
0.3250  0.2273 
0.3262  0.2273 
0.3273  0.2273 
0.3284  0.2273 
0.3296  0.2273 
0.3307  0.2182 
0.3318  0.2182 
0.3330  0.2182 
0.3341  0.2182 
0.3352  0.2182 
0.3364  0.2182 
0.3375  0.2182 
0.3386  0.2182 
0.3398  0.2182 
0.3409  0.2182 
0.3420  0.2182 
0.3431  0.2182 
0.3443  0.2182 
0.3454  0.2182 
0.3465  0.2091 
0.3477  0.2091 
0.3488  0.2091 
0.3499  0.2091 
0.3511  0.2091 
0.3522  0.2091 
0.3533  0.2091 
0.3545  0.2091 
0.3556  0.2091 
0.3567  0.2091 
0.3579  0.2091 
0.3590  0.2091 
0.3601  0.2091 
0.3613  0.2000 
0.3624  0.2000 
0.3635  0.2000 
0.3647  0.2000 
0.3658  0.2000 
0.3669  0.2000 
0.3681  0.2000 
0.3692  0.2000 
0.3703  0.2000 
0.3715  0.2000 
0.3726  0.2000 
0.3737  0.2000 
0.3749  0.1909 
0.3760  0.1909 
0.3771  0.1909 
0.3783  0.1909 
0.3794  0.1909 
0.3805  0.1909 
0.3817  0.1909 
0.3828  0.1909 
0.3839  0.1909 
0.3851  0.1909 
0.3862  0.1909 
0.3873  0.1909 
0.3884  0.1909 
0.3896  0.1909 
0.3907  0.1909 
0.3918  0.1909 
0.3930  0.1909 
0.3941  0.1909 
0.3952  0.1818 
0.3964  0.1818 
0.3975  0.1818 
0.3986  0.1818 
0.3998  0.1818 
0.4009  0.1818 
0.4020  0.1818 
0.4032  0.1818 
0.4043  0.1818 
0.4054  0.1818 
0.4066  0.1818 
0.4077  0.1818 
0.4088  0.1818 
0.4100  0.1727 
0.4111  0.1727 
0.4122  0.1727 
0.4134  0.1727 
0.4145  0.1727 
0.4156  0.1727 
0.4168  0.1727 
0.4179  0.1727 
0.4190  0.1727 
0.4202  0.1727 
0.4213  0.1727 
0.4224  0.1727 
0.4236  0.1636 
0.4247  0.1636 
0.4258  0.1636 
0.4270  0.1636 
0.4281  0.1636 
0.4292  0.1636 
0.4304  0.1636 
0.4315  0.1636 
0.4326  0.1636 
0.4337  0.1636 
0.4349  0.1636 
0.4360  0.1636 
0.4371  0.1636 
0.4383  0.1636 
0.4394  0.1636 
0.4405  0.1636 
0.4417  0.1636 
0.4428  0.1636 
0.4439  0.1545 
0.4451  0.1545 
0.4462  0.1545 
0.4473  0.1545 
0.4485  0.1545 
0.4496  0.1545 
0.4507  0.1545 
0.4519  0.1545 
0.4530  0.1545 
0.4541  0.1545 
0.4553  0.1545 
0.4564  0.1545 
0.4575  0.1545 
0.4587  0.1545 
0.4598  0.1455 
0.4609  0.1455 
0.4621  0.1455 
0.4632  0.1455 
0.4643  0.1455 
0.4655  0.1455 
0.4666  0.1455 
0.4677  0.1455 
0.4689  0.1455 
0.4700  0.1455 
0.4711  0.1455 
0.4723  0.1455 
0.4734  0.1455 
0.4745  0.1455 
0.4757  0.1455 
0.4768  0.1455 
0.4779  0.1455 
0.4790  0.1364 
0.4802  0.1364 
0.4813  0.1364 
0.4824  0.1364 
0.4836  0.1364 
0.4847  0.1364 
0.4858  0.1364 
0.4870  0.1364 
0.4881  0.1364 
0.4892  0.1364 
0.4904  0.1364 
0.4915  0.1364 
0.4926  0.1364 
0.4938  0.1364 
0.4949  0.1364 
0.4960  0.1273 
0.4972  0.1273 
0.4983  0.1273 
0.4994  0.1273 
0.5006  0.1273 
0.5017  0.1273 
0.5028  0.1273 
0.5040  0.1273 
0.5051  0.1273 
0.5062  0.1273 
0.5074  0.1273 
0.5085  0.1273 
0.5096  0.1273 
0.5108  0.1273 
0.5119  0.1273 
0.5130  0.1273 
0.5142  0.1273 
0.5153  0.1273 
0.5164  0.1182 
0.5176  0.1182 
0.5187  0.1182 
0.5198  0.1182 
0.5210  0.1182 
0.5221  0.1182 
0.5232  0.1182 
0.5243  0.1182 
0.5255  0.1182 
0.5266  0.1182 
0.5277  0.1182 
0.5289  0.1182 
0.5300  0.1182 
0.5311  0.1182 
0.5323  0.1182 
0.5334  0.1182 
0.5345  0.1182 
0.5357  0.1182 
0.5368  0.1182 
0.5379  0.1182 
0.5391  0.1182 
0.5402  0.1182 
0.5413  0.1182 
0.5425  0.1091 
0.5436  0.1091 
0.5447  0.1091 
0.5459  0.1091 
0.5470  0.1091 
0.5481  0.1091 
0.5493  0.1091 
0.5504  0.1091 
0.5515  0.1091 
0.5527  0.1091 
0.5538  0.1091 
0.5549  0.1091 
0.5561  0.1091 
0.5572  0.1091 
0.5583  0.1091 
0.5595  0.1091 
0.5606  0.1091 
0.5617  0.1091 
0.5629  0.1091 
0.5640  0.1091 
0.5651  0.1091 
0.5663  0.1091 
0.5674  0.1091 
0.5685  0.1091 
0.5696  0.1091 
0.5708  0.1000 
0.5719  0.1000 
0.5730  0.1000 
0.5742  0.1000 
0.5753  0.1000 
0.5764  0.1000 
0.5776  0.1000 
0.5787  0.1000 
0.5798  0.1000 
0.5810  0.1000 
0.5821  0.1000 
0.5832  0.1000 
0.5844  0.1000 
0.5855  0.1000 
0.5866  0.1000 
0.5878  0.1000 
0.5889  0.1000 
0.5900  0.1000 
0.5912  0.1000 
0.5923  0.1000 
0.5934  0.1000 
0.5946  0.1000 
0.5957  0.1000 
0.5968  0.1000 
0.5980  0.1000 
0.5991  0.1000 
0.6002  0.1000 
0.6014  0.1000 
0.6025  0.1000 
0.6036  0.1000 
0.6048  0.1000 
0.6059  0.1000 
0.6070  0.1000 
0.6082  0.1000 
0.6093  0.1000 
0.6104  0.1000 
0.6116  0.0909 
0.6127  0.0909 
0.6138  0.0909 
0.6149  0.0909 
0.6161  0.0909 
0.6172  0.0909 
0.6183  0.0909 
0.6195  0.0909 
0.6206  0.0909 
0.6217  0.0909 
0.6229  0.0909 
0.6240  0.0909 
0.6251  0.0909 
0.6263  0.0909 
0.6274  0.0909 
0.6285  0.0909 
0.6297  0.0909 
0.6308  0.0909 
0.6319  0.0909 
0.6331  0.0909 
0.6342  0.0909 
0.6353  0.0909 
0.6365  0.0909 
0.6376  0.0909 
0.6387  0.0909 
0.6399  0.0909 
0.6410  0.0909 
0.6421  0.0818 
0.6433  0.0818 
0.6444  0.0818 
0.6455  0.0818 
0.6467  0.0818 
0.6478  0.0818 
0.6489  0.0818 
0.6501  0.0818 
0.6512  0.0818 
0.6523  0.0818 
0.6535  0.0818 
0.6546  0.0818 
0.6557  0.0818 
0.6569  0.0818 
0.6580  0.0818 
0.6591  0.0818 
0.6602  0.0818 
0.6614  0.0818 
0.6625  0.0818 
0.6636  0.0818 
0.6648  0.0818 
0.6659  0.0818 
0.6670  0.0818 
0.6682  0.0818 
0.6693  0.0727 
0.6704  0.0727 
0.6716  0.0727 
0.6727  0.0727 
0.6738  0.0727 
0.6750  0.0727 
0.6761  0.0727 
0.6772  0.0727 
0.6784  0.0727 
0.6795  0.0727 
0.6806  0.0727 
0.6818  0.0727 
0.6829  0.0727 
0.6840  0.0727 
0.6852  0.0727 
0.6863  0.0727 
0.6874  0.0727 
0.6886  0.0727 
0.6897  0.0727 
0.6908  0.0727 
0.6920  0.0727 
0.6931  0.0727 
0.6942  0.0727 
0.6954  0.0727 
0.6965  0.0727 
0.6976  0.0727 
0.6988  0.0727 
0.6999  0.0727 
0.7010  0.0727 
0.7022  0.0727 
0.7033  0.0636 
0.7044  0.0636 
0.7055  0.0636 
0.7067  0.0636 
0.7078  0.0636 
0.7089  0.0636 
0.7101  0.0636 
0.7112  0.0636 
0.7123  0.0636 
0.7135  0.0636 
0.7146  0.0636 
0.7157  0.0636 
0.7169  0.0636 
0.7180  0.0636 
0.7191  0.0636 
0.7203  0.0636 
0.7214  0.0636 
0.7225  0.0636 
0.7237  0.0636 
0.7248  0.0636 
0.7259  0.0636 
0.7271  0.0636 
0.7282  0.0636 
0.7293  0.0545 
0.7305  0.0545 
0.7316  0.0545 
0.7327  0.0545 
0.7339  0.0545 
0.7350  0.0545 
0.7361  0.0545 
0.7373  0.0545 
0.7384  0.0545 
0.7395  0.0545 
0.7407  0.0545 
0.7418  0.0545 
0.7429  0.0545 
0.7441  0.0545 
0.7452  0.0545 
0.7463  0.0545 
0.7475  0.0545 
0.7486  0.0545 
0.7497  0.0545 
0.7508  0.0545 
0.7520  0.0545 
0.7531  0.0545 
0.7542  0.0545 
0.7554  0.0545 
0.7565  0.0545 
0.7576  0.0545 
0.7588  0.0455 
0.7599  0.0455 
0.7610  0.0455 
0.7622  0.0455 
0.7633  0.0455 
0.7644  0.0455 
0.7656  0.0455 
0.7667  0.0455 
0.7678  0.0455 
0.7690  0.0455 
0.7701  0.0455 
0.7712  0.0455 
0.7724  0.0455 
0.7735  0.0455 
0.7746  0.0455 
0.7758  0.0455 
0.7769  0.0455 
0.7780  0.0455 
0.7792  0.0455 
0.7803  0.0455 
0.7814  0.0455 
0.7826  0.0455 
0.7837  0.0455 
0.7848  0.0455 
0.7860  0.0455 
0.7871  0.0455 
0.7882  0.0455 
0.7894  0.0455 
0.7905  0.0455 
0.7916  0.0455 
0.7928  0.0455 
0.7939  0.0455 
0.7950  0.0455 
0.7961  0.0364 
0.7973  0.0364 
0.7984  0.0364 
0.7995  0.0364 
0.8007  0.0364 
0.8018  0.0364 
0.8029  0.0364 
0.8041  0.0364 
0.8052  0.0364 
0.8063  0.0364 
0.8075  0.0364 
0.8086  0.0364 
0.8097  0.0364 
0.8109  0.0364 
0.8120  0.0364 
0.8131  0.0364 
0.8143  0.0364 
0.8154  0.0364 
0.8165  0.0364 
0.8177  0.0364 
0.8188  0.0364 
0.8199  0.0364 
0.8211  0.0364 
0.8222  0.0364 
0.8233  0.0364 
0.8245  0.0364 
0.8256  0.0364 
0.8267  0.0364 
0.8279  0.0364 
0.8290  0.0364 
0.8301  0.0364 
0.8313  0.0364 
0.8324  0.0364 
0.8335  0.0364 
0.8347  0.0364 
0.8358  0.0364 
0.8369  0.0364 
0.8381  0.0364 
0.8392  0.0364 
0.8403  0.0364 
0.8414  0.0364 
0.8426  0.0364 
0.8437  0.0364 
0.8448  0.0364 
0.8460  0.0364 
0.8471  0.0364 
0.8482  0.0364 
0.8494  0.0273 
0.8505  0.0273 
0.8516  0.0273 
0.8528  0.0273 
0.8539  0.0273 
0.8550  0.0273 
0.8562  0.0273 
0.8573  0.0273 
0.8584  0.0273 
0.8596  0.0273 
0.8607  0.0273 
0.8618  0.0273 
0.8630  0.0273 
0.8641  0.0273 
0.8652  0.0273 
0.8664  0.0273 
0.8675  0.0273 
0.8686  0.0273 
0.8698  0.0273 
0.8709  0.0273 
0.8720  0.0273 
0.8732  0.0273 
0.8743  0.0273 
0.8754  0.0273 
0.8766  0.0273 
0.8777  0.0273 
0.8788  0.0273 
0.8800  0.0273 
0.8811  0.0273 
0.8822  0.0273 
0.8834  0.0273 
0.8845  0.0273 
0.8856  0.0273 
0.8867  0.0273 
0.8879  0.0273 
0.8890  0.0273 
0.8901  0.0273 
0.8913  0.0182 
0.8924  0.0182 
0.8935  0.0182 
0.8947  0.0182 
0.8958  0.0182 
0.8969  0.0182 
0.8981  0.0182 
0.8992  0.0182 
0.9003  0.0182 
0.9015  0.0182 
0.9026  0.0182 
0.9037  0.0182 
0.9049  0.0182 
0.9060  0.0182 
0.9071  0.0182 
0.9083  0.0182 
0.9094  0.0182 
0.9105  0.0182 
0.9117  0.0182 
0.9128  0.0182 
0.9139  0.0182 
0.9151  0.0182 
0.9162  0.0182 
0.9173  0.0182 
0.9185  0.0182 
0.9196  0.0182 
0.9207  0.0182 
0.9219  0.0182 
0.9230  0.0182 
0.9241  0.0182 
0.9253  0.0182 
0.9264  0.0182 
0.9275  0.0182 
0.9287  0.0182 
0.9298  0.0182 
0.9309  0.0182 
0.9320  0.0182 
0.9332  0.0182 
0.9343  0.0182 
0.9354  0.0182 
0.9366  0.0182 
0.9377  0.0182 
0.9388  0.0182 
0.9400  0.0182 
0.9411  0.0091 
0.9422  0.0091 
0.9434  0.0091 
0.9445  0.0091 
0.9456  0.0091 
0.9468  0.0091 
0.9479  0.0091 
0.9490  0.0091 
0.9502  0.0091 
0.9513  0.0091 
0.9524  0.0091 
0.9536  0.0091 
0.9547  0.0091 
0.9558  0.0091 
0.9570  0.0091 
0.9581  0.0091 
0.9592  0.0091 
0.9604  0.0091 
0.9615  0.0091 
0.9626  0.0091 
0.9638  0.0091 
0.9649  0.0091 
0.9660  0.0091 
0.9672  0.0091 
0.9683  0.0091 
0.9694  0.0091 
0.9706  0.0091 
0.9717  0.0091 
0.9728  0.0091 
0.9740  0.0091 
0.9751  0.0091 
0.9762  0.0091 
0.9773  0.0091 
0.9785  0.0091 
0.9796  0.0091 
0.9807  0.0091 
0.9819  0.0091 
0.9830  0.0091 
0.9841  0.0091 
0.9853  0.0091 
0.9864  0.0091 
0.9875  0.0091 
0.9887  0.0091 
0.9898  0.0091 
0.9909  0.0091 
0.9921  0.0091 
0.9932  0.0091 
0.9943  0.0091 
0.9955  0.0091 
0.9966  0.0091 
0.9977  0.0091 
0.9989  0.0000 
1.0000  0.0000 
