0.0000  1.0000 
0.0238  1.0000 
0.0476  1.0000 
0.0714  1.0000 
0.0952  1.0000 
0.1190  1.0000 
0.1429  1.0000 
0.1667  1.0000 
0.1905  1.0000 
0.2143  1.0000 
0.2381  1.0000 
0.2619  1.0000 
0.2857  1.0000 
0.3095  1.0000 
0.3333  1.0000 
0.3571  1.0000 
0.3810  1.0000 
0.4048  1.0000 
0.4286  1.0000 
0.4524  1.0000 
0.4762  0.7500 
0.5000  0.7500 
0.5238  0.7500 
0.5476  0.7500 
0.5714  0.7500 
0.5952  0.7500 
0.6190  0.7500 
0.6429  0.7500 
0.6667  0.7500 
0.6905  0.7500 
0.7143  0.7500 
0.7381  0.6250 
0.7619  0.6250 
0.7857  0.6250 
0.8095  0.6250 
0.8333  0.5000 
0.8571  0.5000 
0.8810  0.3750 
0.9048  0.2500 
0.9286  0.2500 
0.9524  0.1250 
0.9762  0.0000 
1.0000  0.0000 
