0.0000  1.0000 
0.0118  0.9744 
0.0235  0.9487 
0.0353  0.9487 
0.0471  0.8974 
0.0588  0.8974 
0.0706  0.8718 
0.0824  0.8462 
0.0941  0.8205 
0.1059  0.7949 
0.1176  0.7949 
0.1294  0.7949 
0.1412  0.7949 
0.1529  0.7949 
0.1647  0.7692 
0.1765  0.7692 
0.1882  0.7692 
0.2000  0.7692 
0.2118  0.7692 
0.2235  0.7179 
0.2353  0.7179 
0.2471  0.7179 
0.2588  0.7179 
0.2706  0.7179 
0.2824  0.7179 
0.2941  0.7179 
0.3059  0.7179 
0.3176  0.7179 
0.3294  0.6923 
0.3412  0.6923 
0.3529  0.6923 
0.3647  0.6923 
0.3765  0.6923 
0.3882  0.6923 
0.4000  0.6923 
0.4118  0.6667 
0.4235  0.6410 
0.4353  0.6410 
0.4471  0.6410 
0.4588  0.6410 
0.4706  0.6410 
0.4824  0.6154 
0.4941  0.6154 
0.5059  0.6154 
0.5176  0.6154 
0.5294  0.6154 
0.5412  0.6154 
0.5529  0.6154 
0.5647  0.5897 
0.5765  0.5897 
0.5882  0.5641 
0.6000  0.5641 
0.6118  0.5385 
0.6235  0.5128 
0.6353  0.5128 
0.6471  0.4872 
0.6588  0.4872 
0.6706  0.4615 
0.6824  0.4615 
0.6941  0.4359 
0.7059  0.4359 
0.7176  0.4103 
0.7294  0.4103 
0.7412  0.4103 
0.7529  0.3846 
0.7647  0.3846 
0.7765  0.3846 
0.7882  0.3590 
0.8000  0.3333 
0.8118  0.3077 
0.8235  0.2821 
0.8353  0.2821 
0.8471  0.2564 
0.8588  0.2564 
0.8706  0.2564 
0.8824  0.2308 
0.8941  0.2051 
0.9059  0.1795 
0.9176  0.1538 
0.9294  0.1538 
0.9412  0.1282 
0.9529  0.1026 
0.9647  0.0513 
0.9765  0.0256 
0.9882  0.0000 
1.0000  0.0000 
