0.0000  1.0000 
0.0233  1.0000 
0.0465  1.0000 
0.0698  1.0000 
0.0930  0.9655 
0.1163  0.9310 
0.1395  0.9310 
0.1628  0.9310 
0.1860  0.9310 
0.2093  0.9310 
0.2326  0.9310 
0.2558  0.9310 
0.2791  0.9310 
0.3023  0.8621 
0.3256  0.8276 
0.3488  0.8276 
0.3721  0.8276 
0.3953  0.7931 
0.4186  0.7586 
0.4419  0.6552 
0.4651  0.6552 
0.4884  0.6552 
0.5116  0.6552 
0.5349  0.6552 
0.5581  0.6207 
0.5814  0.6207 
0.6047  0.6207 
0.6279  0.6207 
0.6512  0.5862 
0.6744  0.5517 
0.6977  0.5172 
0.7209  0.4828 
0.7442  0.3103 
0.7674  0.3103 
0.7907  0.3103 
0.8140  0.2759 
0.8372  0.2759 
0.8605  0.2414 
0.8837  0.1379 
0.9070  0.1034 
0.9302  0.0690 
0.9535  0.0345 
0.9767  0.0000 
1.0000  0.0000 
