0.0000  1.0000 
0.0011  1.0000 
0.0023  0.9737 
0.0034  0.9386 
0.0045  0.9386 
0.0057  0.9386 
0.0068  0.9386 
0.0079  0.9386 
0.0091  0.9211 
0.0102  0.8772 
0.0113  0.8772 
0.0125  0.8684 
0.0136  0.8684 
0.0147  0.8684 
0.0159  0.8684 
0.0170  0.8684 
0.0181  0.8596 
0.0193  0.8596 
0.0204  0.8596 
0.0215  0.8509 
0.0227  0.8421 
0.0238  0.8421 
0.0249  0.8421 
0.0260  0.8421 
0.0272  0.8421 
0.0283  0.8421 
0.0294  0.8246 
0.0306  0.8246 
0.0317  0.8246 
0.0328  0.8246 
0.0340  0.8246 
0.0351  0.8246 
0.0362  0.8246 
0.0374  0.8246 
0.0385  0.8246 
0.0396  0.8246 
0.0408  0.8246 
0.0419  0.8246 
0.0430  0.8246 
0.0442  0.8246 
0.0453  0.8246 
0.0464  0.8246 
0.0476  0.8158 
0.0487  0.8158 
0.0498  0.8158 
0.0510  0.8158 
0.0521  0.8158 
0.0532  0.8158 
0.0544  0.8158 
0.0555  0.8070 
0.0566  0.8070 
0.0578  0.8070 
0.0589  0.8070 
0.0600  0.8070 
0.0612  0.8070 
0.0623  0.8070 
0.0634  0.8070 
0.0646  0.8070 
0.0657  0.8070 
0.0668  0.8070 
0.0680  0.8070 
0.0691  0.8070 
0.0702  0.8070 
0.0713  0.7982 
0.0725  0.7982 
0.0736  0.7982 
0.0747  0.7982 
0.0759  0.7982 
0.0770  0.7982 
0.0781  0.7982 
0.0793  0.7982 
0.0804  0.7982 
0.0815  0.7982 
0.0827  0.7895 
0.0838  0.7895 
0.0849  0.7807 
0.0861  0.7807 
0.0872  0.7719 
0.0883  0.7719 
0.0895  0.7719 
0.0906  0.7719 
0.0917  0.7719 
0.0929  0.7719 
0.0940  0.7719 
0.0951  0.7719 
0.0963  0.7719 
0.0974  0.7719 
0.0985  0.7719 
0.0997  0.7719 
0.1008  0.7719 
0.1019  0.7719 
0.1031  0.7719 
0.1042  0.7719 
0.1053  0.7719 
0.1065  0.7719 
0.1076  0.7719 
0.1087  0.7719 
0.1099  0.7719 
0.1110  0.7719 
0.1121  0.7719 
0.1133  0.7719 
0.1144  0.7719 
0.1155  0.7719 
0.1166  0.7719 
0.1178  0.7632 
0.1189  0.7632 
0.1200  0.7632 
0.1212  0.7632 
0.1223  0.7632 
0.1234  0.7632 
0.1246  0.7632 
0.1257  0.7544 
0.1268  0.7544 
0.1280  0.7544 
0.1291  0.7544 
0.1302  0.7544 
0.1314  0.7544 
0.1325  0.7544 
0.1336  0.7544 
0.1348  0.7544 
0.1359  0.7544 
0.1370  0.7544 
0.1382  0.7544 
0.1393  0.7544 
0.1404  0.7544 
0.1416  0.7544 
0.1427  0.7544 
0.1438  0.7544 
0.1450  0.7544 
0.1461  0.7544 
0.1472  0.7544 
0.1484  0.7544 
0.1495  0.7544 
0.1506  0.7544 
0.1518  0.7544 
0.1529  0.7544 
0.1540  0.7544 
0.1552  0.7544 
0.1563  0.7544 
0.1574  0.7544 
0.1586  0.7544 
0.1597  0.7544 
0.1608  0.7544 
0.1619  0.7544 
0.1631  0.7544 
0.1642  0.7544 
0.1653  0.7544 
0.1665  0.7544 
0.1676  0.7544 
0.1687  0.7544 
0.1699  0.7544 
0.1710  0.7544 
0.1721  0.7544 
0.1733  0.7544 
0.1744  0.7544 
0.1755  0.7544 
0.1767  0.7456 
0.1778  0.7456 
0.1789  0.7456 
0.1801  0.7456 
0.1812  0.7456 
0.1823  0.7456 
0.1835  0.7456 
0.1846  0.7456 
0.1857  0.7456 
0.1869  0.7456 
0.1880  0.7456 
0.1891  0.7281 
0.1903  0.7281 
0.1914  0.7281 
0.1925  0.7281 
0.1937  0.7281 
0.1948  0.7281 
0.1959  0.7281 
0.1971  0.7281 
0.1982  0.7281 
0.1993  0.7281 
0.2005  0.7193 
0.2016  0.7105 
0.2027  0.7105 
0.2039  0.7105 
0.2050  0.7105 
0.2061  0.7105 
0.2072  0.7105 
0.2084  0.7018 
0.2095  0.7018 
0.2106  0.7018 
0.2118  0.7018 
0.2129  0.7018 
0.2140  0.7018 
0.2152  0.6930 
0.2163  0.6930 
0.2174  0.6930 
0.2186  0.6930 
0.2197  0.6930 
0.2208  0.6930 
0.2220  0.6930 
0.2231  0.6930 
0.2242  0.6930 
0.2254  0.6930 
0.2265  0.6930 
0.2276  0.6930 
0.2288  0.6930 
0.2299  0.6930 
0.2310  0.6930 
0.2322  0.6930 
0.2333  0.6930 
0.2344  0.6930 
0.2356  0.6930 
0.2367  0.6930 
0.2378  0.6930 
0.2390  0.6930 
0.2401  0.6930 
0.2412  0.6930 
0.2424  0.6930 
0.2435  0.6930 
0.2446  0.6930 
0.2458  0.6930 
0.2469  0.6930 
0.2480  0.6930 
0.2492  0.6930 
0.2503  0.6930 
0.2514  0.6930 
0.2525  0.6930 
0.2537  0.6930 
0.2548  0.6930 
0.2559  0.6930 
0.2571  0.6930 
0.2582  0.6930 
0.2593  0.6930 
0.2605  0.6930 
0.2616  0.6930 
0.2627  0.6930 
0.2639  0.6930 
0.2650  0.6930 
0.2661  0.6930 
0.2673  0.6842 
0.2684  0.6754 
0.2695  0.6754 
0.2707  0.6754 
0.2718  0.6754 
0.2729  0.6754 
0.2741  0.6754 
0.2752  0.6754 
0.2763  0.6754 
0.2775  0.6754 
0.2786  0.6754 
0.2797  0.6754 
0.2809  0.6754 
0.2820  0.6754 
0.2831  0.6754 
0.2843  0.6754 
0.2854  0.6754 
0.2865  0.6754 
0.2877  0.6754 
0.2888  0.6754 
0.2899  0.6754 
0.2911  0.6754 
0.2922  0.6754 
0.2933  0.6754 
0.2945  0.6754 
0.2956  0.6754 
0.2967  0.6754 
0.2978  0.6754 
0.2990  0.6754 
0.3001  0.6754 
0.3012  0.6754 
0.3024  0.6754 
0.3035  0.6754 
0.3046  0.6754 
0.3058  0.6754 
0.3069  0.6754 
0.3080  0.6754 
0.3092  0.6754 
0.3103  0.6754 
0.3114  0.6754 
0.3126  0.6754 
0.3137  0.6754 
0.3148  0.6754 
0.3160  0.6754 
0.3171  0.6754 
0.3182  0.6754 
0.3194  0.6754 
0.3205  0.6754 
0.3216  0.6754 
0.3228  0.6754 
0.3239  0.6754 
0.3250  0.6754 
0.3262  0.6754 
0.3273  0.6667 
0.3284  0.6667 
0.3296  0.6667 
0.3307  0.6667 
0.3318  0.6667 
0.3330  0.6667 
0.3341  0.6667 
0.3352  0.6667 
0.3364  0.6667 
0.3375  0.6667 
0.3386  0.6667 
0.3398  0.6667 
0.3409  0.6667 
0.3420  0.6667 
0.3431  0.6667 
0.3443  0.6667 
0.3454  0.6667 
0.3465  0.6667 
0.3477  0.6667 
0.3488  0.6667 
0.3499  0.6667 
0.3511  0.6667 
0.3522  0.6667 
0.3533  0.6667 
0.3545  0.6667 
0.3556  0.6667 
0.3567  0.6667 
0.3579  0.6667 
0.3590  0.6667 
0.3601  0.6667 
0.3613  0.6667 
0.3624  0.6667 
0.3635  0.6667 
0.3647  0.6667 
0.3658  0.6667 
0.3669  0.6667 
0.3681  0.6667 
0.3692  0.6667 
0.3703  0.6667 
0.3715  0.6667 
0.3726  0.6667 
0.3737  0.6667 
0.3749  0.6667 
0.3760  0.6667 
0.3771  0.6667 
0.3783  0.6667 
0.3794  0.6667 
0.3805  0.6667 
0.3817  0.6667 
0.3828  0.6667 
0.3839  0.6667 
0.3851  0.6579 
0.3862  0.6579 
0.3873  0.6579 
0.3884  0.6579 
0.3896  0.6579 
0.3907  0.6579 
0.3918  0.6579 
0.3930  0.6579 
0.3941  0.6579 
0.3952  0.6579 
0.3964  0.6579 
0.3975  0.6579 
0.3986  0.6579 
0.3998  0.6579 
0.4009  0.6579 
0.4020  0.6579 
0.4032  0.6579 
0.4043  0.6579 
0.4054  0.6579 
0.4066  0.6579 
0.4077  0.6579 
0.4088  0.6579 
0.4100  0.6579 
0.4111  0.6579 
0.4122  0.6579 
0.4134  0.6579 
0.4145  0.6579 
0.4156  0.6579 
0.4168  0.6579 
0.4179  0.6579 
0.4190  0.6579 
0.4202  0.6579 
0.4213  0.6579 
0.4224  0.6579 
0.4236  0.6579 
0.4247  0.6579 
0.4258  0.6579 
0.4270  0.6579 
0.4281  0.6579 
0.4292  0.6579 
0.4304  0.6579 
0.4315  0.6579 
0.4326  0.6491 
0.4337  0.6491 
0.4349  0.6491 
0.4360  0.6491 
0.4371  0.6491 
0.4383  0.6491 
0.4394  0.6316 
0.4405  0.6316 
0.4417  0.6316 
0.4428  0.6316 
0.4439  0.6316 
0.4451  0.6316 
0.4462  0.6316 
0.4473  0.6316 
0.4485  0.6316 
0.4496  0.6316 
0.4507  0.6316 
0.4519  0.6316 
0.4530  0.6316 
0.4541  0.6316 
0.4553  0.6316 
0.4564  0.6316 
0.4575  0.6316 
0.4587  0.6316 
0.4598  0.6316 
0.4609  0.6316 
0.4621  0.6316 
0.4632  0.6316 
0.4643  0.6316 
0.4655  0.6316 
0.4666  0.6316 
0.4677  0.6316 
0.4689  0.6316 
0.4700  0.6316 
0.4711  0.6316 
0.4723  0.6316 
0.4734  0.6316 
0.4745  0.6316 
0.4757  0.6316 
0.4768  0.6228 
0.4779  0.6140 
0.4790  0.6140 
0.4802  0.6140 
0.4813  0.6140 
0.4824  0.6140 
0.4836  0.6053 
0.4847  0.5965 
0.4858  0.5965 
0.4870  0.5965 
0.4881  0.5965 
0.4892  0.5965 
0.4904  0.5965 
0.4915  0.5965 
0.4926  0.5965 
0.4938  0.5965 
0.4949  0.5965 
0.4960  0.5965 
0.4972  0.5965 
0.4983  0.5965 
0.4994  0.5965 
0.5006  0.5965 
0.5017  0.5965 
0.5028  0.5965 
0.5040  0.5965 
0.5051  0.5965 
0.5062  0.5965 
0.5074  0.5965 
0.5085  0.5965 
0.5096  0.5965 
0.5108  0.5877 
0.5119  0.5877 
0.5130  0.5877 
0.5142  0.5877 
0.5153  0.5877 
0.5164  0.5877 
0.5176  0.5877 
0.5187  0.5877 
0.5198  0.5877 
0.5210  0.5877 
0.5221  0.5877 
0.5232  0.5877 
0.5243  0.5877 
0.5255  0.5877 
0.5266  0.5877 
0.5277  0.5877 
0.5289  0.5877 
0.5300  0.5877 
0.5311  0.5877 
0.5323  0.5877 
0.5334  0.5877 
0.5345  0.5877 
0.5357  0.5877 
0.5368  0.5877 
0.5379  0.5789 
0.5391  0.5789 
0.5402  0.5789 
0.5413  0.5789 
0.5425  0.5789 
0.5436  0.5789 
0.5447  0.5789 
0.5459  0.5789 
0.5470  0.5789 
0.5481  0.5789 
0.5493  0.5789 
0.5504  0.5789 
0.5515  0.5789 
0.5527  0.5789 
0.5538  0.5789 
0.5549  0.5789 
0.5561  0.5789 
0.5572  0.5789 
0.5583  0.5789 
0.5595  0.5789 
0.5606  0.5789 
0.5617  0.5789 
0.5629  0.5789 
0.5640  0.5789 
0.5651  0.5789 
0.5663  0.5789 
0.5674  0.5789 
0.5685  0.5789 
0.5696  0.5789 
0.5708  0.5789 
0.5719  0.5789 
0.5730  0.5789 
0.5742  0.5789 
0.5753  0.5789 
0.5764  0.5789 
0.5776  0.5789 
0.5787  0.5789 
0.5798  0.5789 
0.5810  0.5789 
0.5821  0.5702 
0.5832  0.5702 
0.5844  0.5702 
0.5855  0.5702 
0.5866  0.5702 
0.5878  0.5702 
0.5889  0.5702 
0.5900  0.5702 
0.5912  0.5702 
0.5923  0.5702 
0.5934  0.5702 
0.5946  0.5702 
0.5957  0.5702 
0.5968  0.5702 
0.5980  0.5702 
0.5991  0.5702 
0.6002  0.5702 
0.6014  0.5702 
0.6025  0.5702 
0.6036  0.5702 
0.6048  0.5702 
0.6059  0.5614 
0.6070  0.5614 
0.6082  0.5614 
0.6093  0.5614 
0.6104  0.5614 
0.6116  0.5614 
0.6127  0.5614 
0.6138  0.5614 
0.6149  0.5614 
0.6161  0.5526 
0.6172  0.5526 
0.6183  0.5526 
0.6195  0.5439 
0.6206  0.5439 
0.6217  0.5439 
0.6229  0.5351 
0.6240  0.5351 
0.6251  0.5351 
0.6263  0.5351 
0.6274  0.5351 
0.6285  0.5351 
0.6297  0.5351 
0.6308  0.5263 
0.6319  0.5263 
0.6331  0.5263 
0.6342  0.5263 
0.6353  0.5263 
0.6365  0.5263 
0.6376  0.5263 
0.6387  0.5263 
0.6399  0.5263 
0.6410  0.5263 
0.6421  0.5263 
0.6433  0.5263 
0.6444  0.5263 
0.6455  0.5175 
0.6467  0.5175 
0.6478  0.5175 
0.6489  0.5175 
0.6501  0.5175 
0.6512  0.5175 
0.6523  0.5175 
0.6535  0.5175 
0.6546  0.5175 
0.6557  0.5175 
0.6569  0.5175 
0.6580  0.5088 
0.6591  0.5088 
0.6602  0.5088 
0.6614  0.5088 
0.6625  0.5088 
0.6636  0.5088 
0.6648  0.5088 
0.6659  0.5088 
0.6670  0.5088 
0.6682  0.5088 
0.6693  0.5088 
0.6704  0.5088 
0.6716  0.5088 
0.6727  0.5000 
0.6738  0.5000 
0.6750  0.5000 
0.6761  0.5000 
0.6772  0.5000 
0.6784  0.5000 
0.6795  0.5000 
0.6806  0.5000 
0.6818  0.5000 
0.6829  0.4912 
0.6840  0.4912 
0.6852  0.4912 
0.6863  0.4825 
0.6874  0.4825 
0.6886  0.4825 
0.6897  0.4825 
0.6908  0.4825 
0.6920  0.4825 
0.6931  0.4825 
0.6942  0.4825 
0.6954  0.4737 
0.6965  0.4737 
0.6976  0.4737 
0.6988  0.4649 
0.6999  0.4649 
0.7010  0.4649 
0.7022  0.4649 
0.7033  0.4649 
0.7044  0.4649 
0.7055  0.4649 
0.7067  0.4649 
0.7078  0.4649 
0.7089  0.4649 
0.7101  0.4649 
0.7112  0.4649 
0.7123  0.4649 
0.7135  0.4649 
0.7146  0.4649 
0.7157  0.4649 
0.7169  0.4649 
0.7180  0.4649 
0.7191  0.4649 
0.7203  0.4649 
0.7214  0.4649 
0.7225  0.4649 
0.7237  0.4649 
0.7248  0.4649 
0.7259  0.4649 
0.7271  0.4561 
0.7282  0.4561 
0.7293  0.4561 
0.7305  0.4561 
0.7316  0.4561 
0.7327  0.4561 
0.7339  0.4561 
0.7350  0.4561 
0.7361  0.4561 
0.7373  0.4561 
0.7384  0.4561 
0.7395  0.4561 
0.7407  0.4561 
0.7418  0.4561 
0.7429  0.4561 
0.7441  0.4561 
0.7452  0.4561 
0.7463  0.4561 
0.7475  0.4561 
0.7486  0.4561 
0.7497  0.4561 
0.7508  0.4561 
0.7520  0.4561 
0.7531  0.4561 
0.7542  0.4561 
0.7554  0.4561 
0.7565  0.4561 
0.7576  0.4561 
0.7588  0.4474 
0.7599  0.4474 
0.7610  0.4474 
0.7622  0.4474 
0.7633  0.4474 
0.7644  0.4474 
0.7656  0.4474 
0.7667  0.4474 
0.7678  0.4386 
0.7690  0.4386 
0.7701  0.4386 
0.7712  0.4386 
0.7724  0.4386 
0.7735  0.4386 
0.7746  0.4298 
0.7758  0.4211 
0.7769  0.4211 
0.7780  0.4211 
0.7792  0.4211 
0.7803  0.4211 
0.7814  0.4211 
0.7826  0.4123 
0.7837  0.4123 
0.7848  0.4123 
0.7860  0.4123 
0.7871  0.4123 
0.7882  0.4123 
0.7894  0.4123 
0.7905  0.4123 
0.7916  0.4035 
0.7928  0.4035 
0.7939  0.3947 
0.7950  0.3947 
0.7961  0.3947 
0.7973  0.3947 
0.7984  0.3947 
0.7995  0.3947 
0.8007  0.3947 
0.8018  0.3947 
0.8029  0.3947 
0.8041  0.3947 
0.8052  0.3947 
0.8063  0.3860 
0.8075  0.3772 
0.8086  0.3772 
0.8097  0.3772 
0.8109  0.3684 
0.8120  0.3684 
0.8131  0.3596 
0.8143  0.3596 
0.8154  0.3596 
0.8165  0.3596 
0.8177  0.3509 
0.8188  0.3509 
0.8199  0.3509 
0.8211  0.3509 
0.8222  0.3509 
0.8233  0.3509 
0.8245  0.3509 
0.8256  0.3509 
0.8267  0.3509 
0.8279  0.3509 
0.8290  0.3509 
0.8301  0.3509 
0.8313  0.3509 
0.8324  0.3509 
0.8335  0.3509 
0.8347  0.3509 
0.8358  0.3509 
0.8369  0.3509 
0.8381  0.3509 
0.8392  0.3509 
0.8403  0.3509 
0.8414  0.3509 
0.8426  0.3509 
0.8437  0.3509 
0.8448  0.3509 
0.8460  0.3509 
0.8471  0.3421 
0.8482  0.3421 
0.8494  0.3333 
0.8505  0.3333 
0.8516  0.3333 
0.8528  0.3333 
0.8539  0.3333 
0.8550  0.3333 
0.8562  0.3333 
0.8573  0.3246 
0.8584  0.3246 
0.8596  0.3246 
0.8607  0.3246 
0.8618  0.3246 
0.8630  0.3246 
0.8641  0.3246 
0.8652  0.3246 
0.8664  0.3246 
0.8675  0.3246 
0.8686  0.3246 
0.8698  0.3158 
0.8709  0.3158 
0.8720  0.3158 
0.8732  0.3158 
0.8743  0.3158 
0.8754  0.3070 
0.8766  0.3070 
0.8777  0.3070 
0.8788  0.3070 
0.8800  0.3070 
0.8811  0.3070 
0.8822  0.3070 
0.8834  0.2982 
0.8845  0.2982 
0.8856  0.2982 
0.8867  0.2982 
0.8879  0.2895 
0.8890  0.2895 
0.8901  0.2895 
0.8913  0.2895 
0.8924  0.2895 
0.8935  0.2807 
0.8947  0.2719 
0.8958  0.2719 
0.8969  0.2719 
0.8981  0.2719 
0.8992  0.2632 
0.9003  0.2544 
0.9015  0.2544 
0.9026  0.2544 
0.9037  0.2544 
0.9049  0.2456 
0.9060  0.2456 
0.9071  0.2456 
0.9083  0.2456 
0.9094  0.2368 
0.9105  0.2281 
0.9117  0.2193 
0.9128  0.2105 
0.9139  0.2105 
0.9151  0.2105 
0.9162  0.2018 
0.9173  0.1930 
0.9185  0.1842 
0.9196  0.1842 
0.9207  0.1842 
0.9219  0.1754 
0.9230  0.1667 
0.9241  0.1667 
0.9253  0.1667 
0.9264  0.1579 
0.9275  0.1579 
0.9287  0.1579 
0.9298  0.1579 
0.9309  0.1579 
0.9320  0.1579 
0.9332  0.1491 
0.9343  0.1404 
0.9354  0.1404 
0.9366  0.1404 
0.9377  0.1404 
0.9388  0.1404 
0.9400  0.1404 
0.9411  0.1404 
0.9422  0.1404 
0.9434  0.1404 
0.9445  0.1404 
0.9456  0.1404 
0.9468  0.1316 
0.9479  0.1316 
0.9490  0.1228 
0.9502  0.1140 
0.9513  0.1140 
0.9524  0.1140 
0.9536  0.1140 
0.9547  0.1140 
0.9558  0.1053 
0.9570  0.0965 
0.9581  0.0877 
0.9592  0.0789 
0.9604  0.0789 
0.9615  0.0789 
0.9626  0.0702 
0.9638  0.0702 
0.9649  0.0702 
0.9660  0.0702 
0.9672  0.0702 
0.9683  0.0702 
0.9694  0.0702 
0.9706  0.0702 
0.9717  0.0702 
0.9728  0.0702 
0.9740  0.0702 
0.9751  0.0702 
0.9762  0.0702 
0.9773  0.0702 
0.9785  0.0702 
0.9796  0.0702 
0.9807  0.0702 
0.9819  0.0702 
0.9830  0.0702 
0.9841  0.0702 
0.9853  0.0702 
0.9864  0.0702 
0.9875  0.0614 
0.9887  0.0526 
0.9898  0.0439 
0.9909  0.0351 
0.9921  0.0351 
0.9932  0.0351 
0.9943  0.0351 
0.9955  0.0263 
0.9966  0.0175 
0.9977  0.0088 
0.9989  0.0000 
1.0000  0.0000 
