0.0000  1.0000 
0.0185  0.8723 
0.0370  0.7872 
0.0556  0.7234 
0.0741  0.6596 
0.0926  0.6383 
0.1111  0.5745 
0.1296  0.5319 
0.1481  0.5319 
0.1667  0.5319 
0.1852  0.4894 
0.2037  0.4894 
0.2222  0.4894 
0.2407  0.4894 
0.2593  0.4681 
0.2778  0.4681 
0.2963  0.4681 
0.3148  0.4468 
0.3333  0.4468 
0.3519  0.4468 
0.3704  0.4468 
0.3889  0.4468 
0.4074  0.4468 
0.4259  0.4468 
0.4444  0.4468 
0.4630  0.4468 
0.4815  0.4255 
0.5000  0.4255 
0.5185  0.4043 
0.5370  0.4043 
0.5556  0.4043 
0.5741  0.3830 
0.5926  0.3830 
0.6111  0.3830 
0.6296  0.3830 
0.6481  0.3830 
0.6667  0.3830 
0.6852  0.3617 
0.7037  0.3617 
0.7222  0.3617 
0.7407  0.3404 
0.7593  0.3191 
0.7778  0.2766 
0.7963  0.2340 
0.8148  0.2128 
0.8333  0.1915 
0.8519  0.1915 
0.8704  0.1702 
0.8889  0.1489 
0.9074  0.1489 
0.9259  0.1277 
0.9444  0.0426 
0.9630  0.0213 
0.9815  0.0000 
1.0000  0.0000 
