0.0000  1.0000 
0.0303  0.9565 
0.0606  0.9565 
0.0909  0.8261 
0.1212  0.7826 
0.1515  0.7391 
0.1818  0.7391 
0.2121  0.6957 
0.2424  0.6522 
0.2727  0.6087 
0.3030  0.6087 
0.3333  0.5217 
0.3636  0.3478 
0.3939  0.3478 
0.4242  0.3478 
0.4545  0.3043 
0.4848  0.2609 
0.5152  0.2609 
0.5455  0.2174 
0.5758  0.2174 
0.6061  0.2174 
0.6364  0.1739 
0.6667  0.1304 
0.6970  0.1304 
0.7273  0.0870 
0.7576  0.0870 
0.7879  0.0435 
0.8182  0.0435 
0.8485  0.0435 
0.8788  0.0435 
0.9091  0.0435 
0.9394  0.0435 
0.9697  0.0000 
1.0000  0.0000 
