0.0000  1.0000 
0.0091  0.9802 
0.0182  0.9604 
0.0273  0.9406 
0.0364  0.9208 
0.0455  0.9010 
0.0545  0.8861 
0.0636  0.8663 
0.0727  0.8465 
0.0818  0.8267 
0.0909  0.8119 
0.1000  0.7970 
0.1091  0.7822 
0.1182  0.7673 
0.1273  0.7525 
0.1364  0.7376 
0.1455  0.7228 
0.1545  0.7079 
0.1636  0.6980 
0.1727  0.6832 
0.1818  0.6683 
0.1909  0.6535 
0.2000  0.6386 
0.2091  0.6238 
0.2182  0.6089 
0.2273  0.5990 
0.2364  0.5891 
0.2455  0.5743 
0.2545  0.5594 
0.2636  0.5495 
0.2727  0.5347 
0.2818  0.5248 
0.2909  0.5149 
0.3000  0.5050 
0.3091  0.5000 
0.3182  0.4901 
0.3273  0.4802 
0.3364  0.4703 
0.3455  0.4604 
0.3545  0.4505 
0.3636  0.4406 
0.3727  0.4307 
0.3818  0.4208 
0.3909  0.4109 
0.4000  0.4010 
0.4091  0.3861 
0.4182  0.3762 
0.4273  0.3663 
0.4364  0.3564 
0.4455  0.3465 
0.4545  0.3366 
0.4636  0.3317 
0.4727  0.3218 
0.4818  0.3119 
0.4909  0.3020 
0.5000  0.2921 
0.5091  0.2822 
0.5182  0.2723 
0.5273  0.2624 
0.5364  0.2525 
0.5455  0.2475 
0.5545  0.2376 
0.5636  0.2327 
0.5727  0.2228 
0.5818  0.2178 
0.5909  0.2129 
0.6000  0.2030 
0.6091  0.1931 
0.6182  0.1881 
0.6273  0.1782 
0.6364  0.1683 
0.6455  0.1584 
0.6545  0.1535 
0.6636  0.1436 
0.6727  0.1337 
0.6818  0.1287 
0.6909  0.1188 
0.7000  0.1139 
0.7091  0.1089 
0.7182  0.1040 
0.7273  0.0990 
0.7364  0.0941 
0.7455  0.0891 
0.7545  0.0842 
0.7636  0.0792 
0.7727  0.0743 
0.7818  0.0693 
0.7909  0.0644 
0.8000  0.0594 
0.8091  0.0545 
0.8182  0.0495 
0.8273  0.0495 
0.8364  0.0495 
0.8455  0.0446 
0.8545  0.0396 
0.8636  0.0347 
0.8727  0.0297 
0.8818  0.0248 
0.8909  0.0248 
0.9000  0.0198 
0.9091  0.0198 
0.9182  0.0149 
0.9273  0.0149 
0.9364  0.0149 
0.9455  0.0099 
0.9545  0.0099 
0.9636  0.0050 
0.9727  0.0050 
0.9818  0.0050 
0.9909  0.0000 
1.0000  0.0000 
