0.0000  1.0000 
0.0312  0.8846 
0.0625  0.8077 
0.0938  0.7308 
0.1250  0.6923 
0.1562  0.6538 
0.1875  0.6154 
0.2188  0.5769 
0.2500  0.5385 
0.2812  0.5000 
0.3125  0.4615 
0.3438  0.4231 
0.3750  0.4231 
0.4062  0.3846 
0.4375  0.3462 
0.4688  0.3077 
0.5000  0.2692 
0.5312  0.2308 
0.5625  0.2308 
0.5938  0.1923 
0.6250  0.1923 
0.6562  0.1538 
0.6875  0.1538 
0.7188  0.1538 
0.7500  0.1154 
0.7812  0.1154 
0.8125  0.0769 
0.8438  0.0769 
0.8750  0.0385 
0.9062  0.0385 
0.9375  0.0385 
0.9688  0.0000 
1.0000  0.0000 
