0.0000  1.0000 
0.0091  0.9902 
0.0182  0.9854 
0.0273  0.9707 
0.0364  0.9463 
0.0455  0.9366 
0.0545  0.9366 
0.0636  0.9122 
0.0727  0.8878 
0.0818  0.8878 
0.0909  0.8829 
0.1000  0.8829 
0.1091  0.8488 
0.1182  0.8439 
0.1273  0.8195 
0.1364  0.8049 
0.1455  0.8049 
0.1545  0.8000 
0.1636  0.7854 
0.1727  0.7610 
0.1818  0.7610 
0.1909  0.7415 
0.2000  0.7366 
0.2091  0.7268 
0.2182  0.7122 
0.2273  0.6976 
0.2364  0.6829 
0.2455  0.6683 
0.2545  0.6683 
0.2636  0.6585 
0.2727  0.6439 
0.2818  0.6390 
0.2909  0.6293 
0.3000  0.6195 
0.3091  0.5951 
0.3182  0.5707 
0.3273  0.5561 
0.3364  0.5463 
0.3455  0.5366 
0.3545  0.5366 
0.3636  0.5268 
0.3727  0.5171 
0.3818  0.5171 
0.3909  0.5122 
0.4000  0.5073 
0.4091  0.4976 
0.4182  0.4780 
0.4273  0.4634 
0.4364  0.4244 
0.4455  0.4244 
0.4545  0.4146 
0.4636  0.4146 
0.4727  0.4049 
0.4818  0.4049 
0.4909  0.3951 
0.5000  0.3902 
0.5091  0.3707 
0.5182  0.3610 
0.5273  0.3561 
0.5364  0.3561 
0.5455  0.3415 
0.5545  0.3366 
0.5636  0.3268 
0.5727  0.3122 
0.5818  0.2829 
0.5909  0.2829 
0.6000  0.2683 
0.6091  0.2634 
0.6182  0.2634 
0.6273  0.2585 
0.6364  0.2439 
0.6455  0.2390 
0.6545  0.2293 
0.6636  0.2244 
0.6727  0.2244 
0.6818  0.2195 
0.6909  0.2098 
0.7000  0.2049 
0.7091  0.1951 
0.7182  0.1902 
0.7273  0.1902 
0.7364  0.1902 
0.7455  0.1854 
0.7545  0.1805 
0.7636  0.1707 
0.7727  0.1659 
0.7818  0.1659 
0.7909  0.1659 
0.8000  0.1659 
0.8091  0.1610 
0.8182  0.1561 
0.8273  0.1512 
0.8364  0.1366 
0.8455  0.1317 
0.8545  0.1171 
0.8636  0.1122 
0.8727  0.1073 
0.8818  0.0927 
0.8909  0.0878 
0.9000  0.0780 
0.9091  0.0732 
0.9182  0.0537 
0.9273  0.0488 
0.9364  0.0195 
0.9455  0.0146 
0.9545  0.0098 
0.9636  0.0098 
0.9727  0.0049 
0.9818  0.0049 
0.9909  0.0000 
1.0000  0.0000 
