0.0000  1.0000 
0.0312  0.8889 
0.0625  0.8889 
0.0938  0.8889 
0.1250  0.8889 
0.1562  0.8889 
0.1875  0.8889 
0.2188  0.8148 
0.2500  0.7778 
0.2812  0.7407 
0.3125  0.7037 
0.3438  0.7037 
0.3750  0.7037 
0.4062  0.6667 
0.4375  0.6296 
0.4688  0.5926 
0.5000  0.5926 
0.5312  0.5556 
0.5625  0.4444 
0.5938  0.4444 
0.6250  0.4074 
0.6562  0.3704 
0.6875  0.2963 
0.7188  0.2593 
0.7500  0.2222 
0.7812  0.1852 
0.8125  0.1852 
0.8438  0.1481 
0.8750  0.1111 
0.9062  0.0741 
0.9375  0.0370 
0.9688  0.0000 
1.0000  0.0000 
