0.0000  1.0000 
0.0250  0.9221 
0.0500  0.8052 
0.0750  0.7727 
0.1000  0.7208 
0.1250  0.7078 
0.1500  0.6623 
0.1750  0.6234 
0.2000  0.5714 
0.2250  0.5260 
0.2500  0.4935 
0.2750  0.4610 
0.3000  0.4610 
0.3250  0.4416 
0.3500  0.4286 
0.3750  0.4286 
0.4000  0.3636 
0.4250  0.3247 
0.4500  0.3182 
0.4750  0.2987 
0.5000  0.2857 
0.5250  0.2792 
0.5500  0.2662 
0.5750  0.2532 
0.6000  0.2403 
0.6250  0.2208 
0.6500  0.2078 
0.6750  0.1753 
0.7000  0.1623 
0.7250  0.1494 
0.7500  0.1234 
0.7750  0.1104 
0.8000  0.0909 
0.8250  0.0779 
0.8500  0.0714 
0.8750  0.0649 
0.9000  0.0584 
0.9250  0.0455 
0.9500  0.0260 
0.9750  0.0000 
1.0000  0.0000 
