0.0000  1.0000 
0.0250  1.0000 
0.0500  0.9221 
0.0750  0.8831 
0.1000  0.8571 
0.1250  0.8052 
0.1500  0.6753 
0.1750  0.6234 
0.2000  0.5714 
0.2250  0.5714 
0.2500  0.5649 
0.2750  0.5584 
0.3000  0.5065 
0.3250  0.5000 
0.3500  0.4545 
0.3750  0.4545 
0.4000  0.4221 
0.4250  0.4026 
0.4500  0.3961 
0.4750  0.3896 
0.5000  0.3701 
0.5250  0.3182 
0.5500  0.2792 
0.5750  0.2597 
0.6000  0.2532 
0.6250  0.2403 
0.6500  0.2273 
0.6750  0.2273 
0.7000  0.2013 
0.7250  0.1818 
0.7500  0.1623 
0.7750  0.1429 
0.8000  0.0909 
0.8250  0.0844 
0.8500  0.0844 
0.8750  0.0779 
0.9000  0.0649 
0.9250  0.0455 
0.9500  0.0260 
0.9750  0.0000 
1.0000  0.0000 
