0.0000  1.0000 
0.0303  1.0000 
0.0606  0.9167 
0.0909  0.9167 
0.1212  0.8750 
0.1515  0.7917 
0.1818  0.7917 
0.2121  0.5833 
0.2424  0.5417 
0.2727  0.5000 
0.3030  0.5000 
0.3333  0.4583 
0.3636  0.4583 
0.3939  0.4583 
0.4242  0.3750 
0.4545  0.2917 
0.4848  0.2917 
0.5152  0.2917 
0.5455  0.2083 
0.5758  0.2083 
0.6061  0.2083 
0.6364  0.2083 
0.6667  0.2083 
0.6970  0.2083 
0.7273  0.1667 
0.7576  0.1667 
0.7879  0.1667 
0.8182  0.1250 
0.8485  0.1250 
0.8788  0.1250 
0.9091  0.1250 
0.9394  0.0417 
0.9697  0.0000 
1.0000  0.0000 
