0.0000  1.0000 
0.0091  0.9854 
0.0182  0.9659 
0.0273  0.9415 
0.0364  0.9220 
0.0455  0.9073 
0.0545  0.8927 
0.0636  0.8683 
0.0727  0.8634 
0.0818  0.8488 
0.0909  0.8341 
0.1000  0.8146 
0.1091  0.8000 
0.1182  0.7854 
0.1273  0.7756 
0.1364  0.7659 
0.1455  0.7317 
0.1545  0.7220 
0.1636  0.7171 
0.1727  0.7073 
0.1818  0.7024 
0.1909  0.6829 
0.2000  0.6683 
0.2091  0.6537 
0.2182  0.6390 
0.2273  0.6293 
0.2364  0.6244 
0.2455  0.6049 
0.2545  0.5902 
0.2636  0.5805 
0.2727  0.5805 
0.2818  0.5707 
0.2909  0.5610 
0.3000  0.5415 
0.3091  0.5366 
0.3182  0.5220 
0.3273  0.5073 
0.3364  0.4976 
0.3455  0.4878 
0.3545  0.4634 
0.3636  0.4537 
0.3727  0.4439 
0.3818  0.4341 
0.3909  0.4244 
0.4000  0.4098 
0.4091  0.3951 
0.4182  0.3854 
0.4273  0.3805 
0.4364  0.3756 
0.4455  0.3707 
0.4545  0.3610 
0.4636  0.3512 
0.4727  0.3463 
0.4818  0.3415 
0.4909  0.3366 
0.5000  0.3317 
0.5091  0.3268 
0.5182  0.3073 
0.5273  0.2976 
0.5364  0.2829 
0.5455  0.2732 
0.5545  0.2634 
0.5636  0.2537 
0.5727  0.2488 
0.5818  0.2439 
0.5909  0.2341 
0.6000  0.2244 
0.6091  0.2244 
0.6182  0.2098 
0.6273  0.2049 
0.6364  0.2049 
0.6455  0.2000 
0.6545  0.1902 
0.6636  0.1805 
0.6727  0.1707 
0.6818  0.1561 
0.6909  0.1415 
0.7000  0.1317 
0.7091  0.1268 
0.7182  0.1220 
0.7273  0.1171 
0.7364  0.1122 
0.7455  0.1122 
0.7545  0.1073 
0.7636  0.1073 
0.7727  0.1024 
0.7818  0.0976 
0.7909  0.0927 
0.8000  0.0927 
0.8091  0.0927 
0.8182  0.0878 
0.8273  0.0878 
0.8364  0.0829 
0.8455  0.0780 
0.8545  0.0732 
0.8636  0.0634 
0.8727  0.0585 
0.8818  0.0488 
0.8909  0.0439 
0.9000  0.0390 
0.9091  0.0341 
0.9182  0.0293 
0.9273  0.0244 
0.9364  0.0195 
0.9455  0.0146 
0.9545  0.0146 
0.9636  0.0098 
0.9727  0.0049 
0.9818  0.0049 
0.9909  0.0000 
1.0000  0.0000 
