0.0000  1.0000 
0.0250  0.8896 
0.0500  0.8052 
0.0750  0.7597 
0.1000  0.7143 
0.1250  0.6753 
0.1500  0.6429 
0.1750  0.6039 
0.2000  0.5584 
0.2250  0.5260 
0.2500  0.4870 
0.2750  0.4481 
0.3000  0.4156 
0.3250  0.3831 
0.3500  0.3506 
0.3750  0.3377 
0.4000  0.3182 
0.4250  0.3052 
0.4500  0.2857 
0.4750  0.2662 
0.5000  0.2532 
0.5250  0.2338 
0.5500  0.2208 
0.5750  0.2143 
0.6000  0.1948 
0.6250  0.1753 
0.6500  0.1623 
0.6750  0.1558 
0.7000  0.1429 
0.7250  0.1299 
0.7500  0.1169 
0.7750  0.1039 
0.8000  0.0909 
0.8250  0.0714 
0.8500  0.0584 
0.8750  0.0455 
0.9000  0.0390 
0.9250  0.0325 
0.9500  0.0260 
0.9750  0.0000 
1.0000  0.0000 
