0.0000  1.0000 
0.0164  1.0000 
0.0328  1.0000 
0.0492  1.0000 
0.0656  1.0000 
0.0820  1.0000 
0.0984  1.0000 
0.1148  1.0000 
0.1311  1.0000 
0.1475  1.0000 
0.1639  1.0000 
0.1803  1.0000 
0.1967  1.0000 
0.2131  1.0000 
0.2295  1.0000 
0.2459  1.0000 
0.2623  1.0000 
0.2787  1.0000 
0.2951  1.0000 
0.3115  1.0000 
0.3279  1.0000 
0.3443  1.0000 
0.3607  1.0000 
0.3770  1.0000 
0.3934  0.9583 
0.4098  0.9583 
0.4262  0.9167 
0.4426  0.9167 
0.4590  0.8750 
0.4754  0.8750 
0.4918  0.8333 
0.5082  0.7917 
0.5246  0.7917 
0.5410  0.7917 
0.5574  0.7917 
0.5738  0.7083 
0.5902  0.6667 
0.6066  0.6667 
0.6230  0.6667 
0.6393  0.6667 
0.6557  0.6250 
0.6721  0.6250 
0.6885  0.5833 
0.7049  0.5833 
0.7213  0.5417 
0.7377  0.4583 
0.7541  0.3333 
0.7705  0.2917 
0.7869  0.2917 
0.8033  0.2500 
0.8197  0.2500 
0.8361  0.2083 
0.8525  0.2083 
0.8689  0.1667 
0.8852  0.1250 
0.9016  0.1250 
0.9180  0.1250 
0.9344  0.0833 
0.9508  0.0417 
0.9672  0.0417 
0.9836  0.0000 
1.0000  0.0000 
