0.227   0.294   0.238   0.316   0.253   0.237   0.221   0.222   0.255  
0.328   0.340   0.326   0.434   0.348   0.338   0.324   0.323   0.320  
0.207   0.201   0.197   0.218   0.204   0.201   0.210   0.207   0.215  
0.396   0.363   0.363   0.466   0.363   0.363   0.363   0.363   0.384  
0.299   0.323   0.293   0.438   0.315   0.292   0.293   0.289   0.348  
0.455   0.395   0.395   0.437   0.390   0.389   0.393   0.392   0.393  
0.377   0.328   0.328   0.447   0.334   0.329   0.322   0.327   0.351  
0.449   0.446   0.447   0.479   0.446   0.437   0.437   0.446   0.439  
0.263   0.297   0.273   0.433   0.282   0.267   0.269   0.270   0.320  
0.481   0.489   0.479   0.509   0.488   0.478   0.478   0.479   0.497  
0.365   0.420   0.420   0.417   0.420   0.411   0.411   0.411   0.398  
0.276   0.300   0.298   0.345   0.294   0.295   0.302   0.284   0.317  
0.380   0.333   0.326   0.472   0.333   0.331   0.331   0.326   0.383  
0.400   0.369   0.363   0.438   0.367   0.367   0.368   0.373   0.468  
0.405   0.415   0.400   0.478   0.414   0.399   0.399   0.399   0.418  
0.386   0.323   0.324   0.469   0.326   0.325   0.323   0.324   0.395  
0.454   0.415   0.415   0.458   0.412   0.416   0.418   0.415   0.423  
0.345   0.350   0.340   0.450   0.348   0.341   0.343   0.342   0.358  
0.330   0.350   0.318   0.444   0.346   0.304   0.308   0.308   0.327  
0.374   0.347   0.346   0.443   0.342   0.341   0.340   0.341   0.389  
0.260   0.319   0.246   0.456   0.314   0.212   0.214   0.244   0.407  
0.310   0.277   0.274   0.418   0.308   0.308   0.286   0.287   0.386  
0.329   0.280   0.286   0.433   0.284   0.287   0.280   0.293   0.290  
0.411   0.342   0.342   0.503   0.342   0.342   0.342   0.308   0.342  
0.461   0.460   0.450   0.453   0.446   0.439   0.448   0.444   0.458  
0.219   0.211   0.214   0.324   0.209   0.213   0.216   0.221   0.197  
0.269   0.275   0.267   0.459   0.272   0.265   0.267   0.267   0.291  
0.350   0.412   0.341   0.444   0.378   0.343   0.348   0.334   0.374  
0.297   0.345   0.298   0.427   0.327   0.301   0.300   0.298   0.327  
0.294   0.278   0.253   0.466   0.270   0.253   0.251   0.263   0.347  
0.219   0.279   0.272   0.319   0.241   0.232   0.260   0.224   0.286  
0.370   0.398   0.398   0.432   0.387   0.387   0.398   0.390   0.395  
0.586   0.491   0.490   0.533   0.489   0.489   0.491   0.491   0.516  
0.360   0.362   0.363   0.449   0.361   0.357   0.358   0.356   0.366  
0.326   0.401   0.367   0.364   0.337   0.339   0.350   0.321   0.360  
0.279   0.292   0.279   0.371   0.292   0.279   0.279   0.279   0.292  
0.247   0.295   0.263   0.401   0.296   0.266   0.265   0.265   0.300  
0.359   0.387   0.387   0.437   0.387   0.382   0.382   0.390   0.437  
0.307   0.307   0.307   0.427   0.297   0.297   0.305   0.302   0.308  
0.372   0.403   0.371   0.404   0.370   0.316   0.304   0.304   0.416  
0.321   0.334   0.334   0.439   0.319   0.317   0.334   0.322   0.355  
0.333   0.317   0.317   0.383   0.317   0.317   0.317   0.317   0.317  
0.367   0.354   0.354   0.458   0.354   0.357   0.356   0.354   0.396  
0.269   0.369   0.222   0.441   0.331   0.207   0.206   0.216   0.367  
0.306   0.361   0.338   0.425   0.353   0.353   0.356   0.332   0.350  
0.499   0.503   0.503   0.506   0.498   0.498   0.502   0.502   0.499  
0.364   0.371   0.371   0.463   0.369   0.368   0.368   0.369   0.362  
0.393   0.393   0.391   0.472   0.389   0.388   0.392   0.389   0.400  
0.335   0.349   0.326   0.466   0.335   0.327   0.327   0.326   0.396  
0.350   0.326   0.326   0.407   0.338   0.338   0.326   0.326   0.321  
0.418   0.333   0.336   0.438   0.333   0.332   0.332   0.334   0.376  
0.311   0.301   0.301   0.450   0.301   0.299   0.299   0.301   0.338  
0.205   0.238   0.209   0.405   0.234   0.207   0.205   0.209   0.215  
0.284   0.264   0.239   0.434   0.248   0.225   0.228   0.235   0.329  
0.295   0.323   0.257   0.444   0.312   0.245   0.245   0.234   0.356  
0.272   0.303   0.241   0.414   0.297   0.237   0.237   0.242   0.350  
0.274   0.335   0.233   0.460   0.330   0.251   0.251   0.232   0.336  
0.387   0.375   0.367   0.430   0.370   0.365   0.370   0.365   0.384  
0.423   0.395   0.395   0.408   0.392   0.392   0.395   0.395   0.395  
0.465   0.385   0.385   0.449   0.385   0.385   0.385   0.385   0.385  
0.490   0.513   0.513   0.490   0.490   0.490   0.490   0.490   0.490  
0.299   0.286   0.286   0.333   0.314   0.312   0.283   0.286   0.283  
0.253   0.245   0.245   0.251   0.232   0.226   0.229   0.232   0.245  
0.269   0.257   0.257   0.365   0.257   0.257   0.257   0.272   0.257  
0.325   0.260   0.260   0.344   0.305   0.305   0.305   0.305   0.302  
0.243   0.243   0.243   0.243   0.243   0.243   0.243   0.243   0.243  
0.646   0.618   0.618   0.606   0.610   0.610   0.622   0.618   0.626  
0.282   0.333   0.333   0.394   0.329   0.329   0.333   0.333   0.301  
0.546   0.590   0.590   0.488   0.493   0.493   0.515   0.504   0.519  
0.449   0.443   0.440   0.474   0.455   0.452   0.440   0.440   0.440  
0.357   0.361   0.361   0.360   0.328   0.330   0.357   0.344   0.361  
0.540   0.605   0.605   0.477   0.519   0.519   0.605   0.554   0.590  
0.509   0.509   0.509   0.498   0.502   0.502   0.507   0.507   0.507  
0.539   0.530   0.530   0.525   0.530   0.530   0.530   0.530   0.530  
0.483   0.484   0.485   0.495   0.484   0.485   0.485   0.485   0.485  
0.573   0.622   0.622   0.584   0.573   0.573   0.584   0.573   0.584  
0.185   0.203   0.197   0.411   0.210   0.163   0.168   0.175   0.223  
0.381   0.463   0.441   0.353   0.373   0.373   0.386   0.384   0.406  
0.436   0.422   0.422   0.413   0.413   0.412   0.422   0.416   0.423  
0.463   0.465   0.465   0.459   0.459   0.459   0.462   0.459   0.463  
0.352   0.388   0.377   0.368   0.352   0.350   0.351   0.351   0.381  
0.386   0.386   0.386   0.386   0.393   0.393   0.386   0.386   0.386  
0.500   0.508   0.508   0.492   0.500   0.500   0.508   0.508   0.508  
0.462   0.462   0.462   0.462   0.462   0.462   0.462   0.462   0.462  
0.417   0.417   0.417   0.417   0.417   0.417   0.417   0.417   0.417  
0.471   0.471   0.471   0.471   0.471   0.471   0.471   0.471   0.471  
0.445   0.445   0.445   0.445   0.445   0.445   0.445   0.445   0.445  
0.467   0.467   0.467   0.467   0.467   0.467   0.467   0.467   0.467  
0.458   0.458   0.458   0.458   0.458   0.458   0.458   0.458   0.458  
