0.0000  1.0000 
0.0099  0.9771 
0.0198  0.9600 
0.0297  0.9543 
0.0396  0.9429 
0.0495  0.9371 
0.0594  0.9257 
0.0693  0.9143 
0.0792  0.9086 
0.0891  0.9029 
0.0990  0.8857 
0.1089  0.8000 
0.1188  0.7943 
0.1287  0.7543 
0.1386  0.7371 
0.1485  0.6857 
0.1584  0.6686 
0.1683  0.6629 
0.1782  0.6571 
0.1881  0.6514 
0.1980  0.6286 
0.2079  0.6171 
0.2178  0.6000 
0.2277  0.5943 
0.2376  0.5886 
0.2475  0.5829 
0.2574  0.5486 
0.2673  0.4971 
0.2772  0.4971 
0.2871  0.4971 
0.2970  0.3771 
0.3069  0.3371 
0.3168  0.3314 
0.3267  0.3143 
0.3366  0.3143 
0.3465  0.2800 
0.3564  0.2457 
0.3663  0.2457 
0.3762  0.2457 
0.3861  0.2457 
0.3960  0.2457 
0.4059  0.2457 
0.4158  0.2457 
0.4257  0.2457 
0.4356  0.2457 
0.4455  0.2457 
0.4554  0.2229 
0.4653  0.2229 
0.4752  0.2229 
0.4851  0.2229 
0.4950  0.1429 
0.5050  0.1257 
0.5149  0.1257 
0.5248  0.1257 
0.5347  0.1257 
0.5446  0.1257 
0.5545  0.1257 
0.5644  0.1257 
0.5743  0.1257 
0.5842  0.1257 
0.5941  0.0800 
0.6040  0.0686 
0.6139  0.0686 
0.6238  0.0686 
0.6337  0.0514 
0.6436  0.0514 
0.6535  0.0514 
0.6634  0.0514 
0.6733  0.0514 
0.6832  0.0514 
0.6931  0.0514 
0.7030  0.0286 
0.7129  0.0286 
0.7228  0.0286 
0.7327  0.0286 
0.7426  0.0229 
0.7525  0.0229 
0.7624  0.0229 
0.7723  0.0229 
0.7822  0.0229 
0.7921  0.0229 
0.8020  0.0229 
0.8119  0.0229 
0.8218  0.0229 
0.8317  0.0229 
0.8416  0.0229 
0.8515  0.0229 
0.8614  0.0229 
0.8713  0.0229 
0.8812  0.0229 
0.8911  0.0229 
0.9010  0.0171 
0.9109  0.0171 
0.9208  0.0171 
0.9307  0.0171 
0.9406  0.0171 
0.9505  0.0171 
0.9604  0.0171 
0.9703  0.0171 
0.9802  0.0114 
0.9901  0.0057 
1.0000  0.0000 
