0.0000  1.0000 
0.0250  0.9792 
0.0500  0.9583 
0.0750  0.9375 
0.1000  0.9167 
0.1250  0.8542 
0.1500  0.8542 
0.1750  0.8333 
0.2000  0.8125 
0.2250  0.7708 
0.2500  0.7500 
0.2750  0.6875 
0.3000  0.6875 
0.3250  0.5625 
0.3500  0.2500 
0.3750  0.2500 
0.4000  0.2500 
0.4250  0.2500 
0.4500  0.2500 
0.4750  0.2500 
0.5000  0.2500 
0.5250  0.2500 
0.5500  0.2500 
0.5750  0.2500 
0.6000  0.2500 
0.6250  0.2500 
0.6500  0.2500 
0.6750  0.2500 
0.7000  0.2500 
0.7250  0.2500 
0.7500  0.1250 
0.7750  0.1250 
0.8000  0.1250 
0.8250  0.1250 
0.8500  0.1250 
0.8750  0.1042 
0.9000  0.0833 
0.9250  0.0625 
0.9500  0.0417 
0.9750  0.0208 
1.0000  0.0000 
