0.0000  1.0000 
0.0042  0.9962 
0.0085  0.9925 
0.0127  0.9849 
0.0169  0.9811 
0.0212  0.9774 
0.0254  0.9736 
0.0297  0.9698 
0.0339  0.9660 
0.0381  0.9623 
0.0424  0.9585 
0.0466  0.9509 
0.0508  0.9472 
0.0551  0.9434 
0.0593  0.9396 
0.0636  0.9358 
0.0678  0.9321 
0.0720  0.9283 
0.0763  0.9245 
0.0805  0.9208 
0.0847  0.9170 
0.0890  0.9132 
0.0932  0.9094 
0.0975  0.9057 
0.1017  0.9019 
0.1059  0.8981 
0.1102  0.8943 
0.1144  0.8906 
0.1186  0.8868 
0.1229  0.8830 
0.1271  0.8792 
0.1314  0.8755 
0.1356  0.8717 
0.1398  0.8679 
0.1441  0.8642 
0.1483  0.8604 
0.1525  0.8566 
0.1568  0.8491 
0.1610  0.8453 
0.1653  0.8415 
0.1695  0.8377 
0.1737  0.8340 
0.1780  0.8302 
0.1822  0.8264 
0.1864  0.8226 
0.1907  0.8189 
0.1949  0.8151 
0.1992  0.8113 
0.2034  0.7962 
0.2076  0.7887 
0.2119  0.7849 
0.2161  0.7811 
0.2203  0.7774 
0.2246  0.7736 
0.2288  0.7698 
0.2331  0.7660 
0.2373  0.7623 
0.2415  0.7585 
0.2458  0.7547 
0.2500  0.7509 
0.2542  0.7434 
0.2585  0.7396 
0.2627  0.7358 
0.2669  0.7321 
0.2712  0.7283 
0.2754  0.7245 
0.2797  0.7208 
0.2839  0.7170 
0.2881  0.7132 
0.2924  0.7094 
0.2966  0.7057 
0.3008  0.7019 
0.3051  0.6981 
0.3093  0.6943 
0.3136  0.6906 
0.3178  0.6868 
0.3220  0.6830 
0.3263  0.6792 
0.3305  0.6755 
0.3347  0.6717 
0.3390  0.6679 
0.3432  0.6642 
0.3475  0.6604 
0.3517  0.6415 
0.3559  0.6377 
0.3602  0.6340 
0.3644  0.6302 
0.3686  0.6264 
0.3729  0.6226 
0.3771  0.6189 
0.3814  0.6151 
0.3856  0.5509 
0.3898  0.5472 
0.3941  0.5434 
0.3983  0.5396 
0.4025  0.5358 
0.4068  0.5321 
0.4110  0.5283 
0.4153  0.5208 
0.4195  0.4604 
0.4237  0.4566 
0.4280  0.4528 
0.4322  0.4302 
0.4364  0.4264 
0.4407  0.4151 
0.4449  0.4075 
0.4492  0.3057 
0.4534  0.3057 
0.4576  0.3019 
0.4619  0.3019 
0.4661  0.2038 
0.4703  0.2038 
0.4746  0.2038 
0.4788  0.2000 
0.4831  0.1887 
0.4873  0.1698 
0.4915  0.1660 
0.4958  0.1321 
0.5000  0.1321 
0.5042  0.1321 
0.5085  0.1321 
0.5127  0.1283 
0.5169  0.1208 
0.5212  0.1208 
0.5254  0.1208 
0.5297  0.1208 
0.5339  0.1208 
0.5381  0.1208 
0.5424  0.1208 
0.5466  0.1208 
0.5508  0.1208 
0.5551  0.1208 
0.5593  0.1208 
0.5636  0.1208 
0.5678  0.1208 
0.5720  0.1208 
0.5763  0.1208 
0.5805  0.1208 
0.5847  0.1208 
0.5890  0.1208 
0.5932  0.1208 
0.5975  0.1208 
0.6017  0.1208 
0.6059  0.1208 
0.6102  0.1208 
0.6144  0.1208 
0.6186  0.1208 
0.6229  0.1208 
0.6271  0.1208 
0.6314  0.1208 
0.6356  0.1208 
0.6398  0.1208 
0.6441  0.1208 
0.6483  0.1208 
0.6525  0.1208 
0.6568  0.1208 
0.6610  0.1208 
0.6653  0.1208 
0.6695  0.1208 
0.6737  0.1208 
0.6780  0.1208 
0.6822  0.1208 
0.6864  0.1208 
0.6907  0.1208 
0.6949  0.1208 
0.6992  0.1208 
0.7034  0.1208 
0.7076  0.1208 
0.7119  0.1208 
0.7161  0.1208 
0.7203  0.1208 
0.7246  0.1208 
0.7288  0.1208 
0.7331  0.1208 
0.7373  0.1208 
0.7415  0.1208 
0.7458  0.1208 
0.7500  0.1170 
0.7542  0.1132 
0.7585  0.1094 
0.7627  0.1057 
0.7669  0.1019 
0.7712  0.0981 
0.7754  0.0943 
0.7797  0.0906 
0.7839  0.0868 
0.7881  0.0830 
0.7924  0.0792 
0.7966  0.0755 
0.8008  0.0717 
0.8051  0.0679 
0.8093  0.0642 
0.8136  0.0604 
0.8178  0.0566 
0.8220  0.0528 
0.8263  0.0491 
0.8305  0.0453 
0.8347  0.0415 
0.8390  0.0377 
0.8432  0.0340 
0.8475  0.0302 
0.8517  0.0264 
0.8559  0.0226 
0.8602  0.0189 
0.8644  0.0189 
0.8686  0.0189 
0.8729  0.0189 
0.8771  0.0189 
0.8814  0.0189 
0.8856  0.0189 
0.8898  0.0151 
0.8941  0.0151 
0.8983  0.0151 
0.9025  0.0151 
0.9068  0.0151 
0.9110  0.0151 
0.9153  0.0151 
0.9195  0.0151 
0.9237  0.0151 
0.9280  0.0151 
0.9322  0.0151 
0.9364  0.0151 
0.9407  0.0151 
0.9449  0.0151 
0.9492  0.0151 
0.9534  0.0151 
0.9576  0.0113 
0.9619  0.0113 
0.9661  0.0113 
0.9703  0.0113 
0.9746  0.0113 
0.9788  0.0113 
0.9831  0.0113 
0.9873  0.0113 
0.9915  0.0075 
0.9958  0.0038 
1.0000  0.0000 
