0.0000  1.0000 
0.0233  0.9394 
0.0465  0.9091 
0.0698  0.8939 
0.0930  0.8333 
0.1163  0.8030 
0.1395  0.7424 
0.1628  0.6970 
0.1860  0.6818 
0.2093  0.6364 
0.2326  0.5606 
0.2558  0.5455 
0.2791  0.5303 
0.3023  0.5152 
0.3256  0.5000 
0.3488  0.4848 
0.3721  0.4697 
0.3953  0.4394 
0.4186  0.3788 
0.4419  0.3636 
0.4651  0.2273 
0.4884  0.1667 
0.5116  0.0909 
0.5349  0.0909 
0.5581  0.0455 
0.5814  0.0455 
0.6047  0.0455 
0.6279  0.0455 
0.6512  0.0455 
0.6744  0.0455 
0.6977  0.0455 
0.7209  0.0455 
0.7442  0.0455 
0.7674  0.0455 
0.7907  0.0303 
0.8140  0.0303 
0.8372  0.0303 
0.8605  0.0303 
0.8837  0.0303 
0.9070  0.0303 
0.9302  0.0303 
0.9535  0.0303 
0.9767  0.0152 
1.0000  0.0000 
