0.0000  1.0000 
0.0027  0.9978 
0.0055  0.9956 
0.0082  0.9824 
0.0110  0.9802 
0.0137  0.9758 
0.0164  0.9736 
0.0192  0.9670 
0.0219  0.9648 
0.0247  0.9626 
0.0274  0.9582 
0.0301  0.9538 
0.0329  0.9473 
0.0356  0.9451 
0.0384  0.9385 
0.0411  0.9363 
0.0438  0.9341 
0.0466  0.9165 
0.0493  0.9143 
0.0521  0.9121 
0.0548  0.9099 
0.0575  0.9077 
0.0603  0.9055 
0.0630  0.9033 
0.0658  0.8923 
0.0685  0.8901 
0.0712  0.8879 
0.0740  0.8857 
0.0767  0.8835 
0.0795  0.8813 
0.0822  0.8791 
0.0849  0.8769 
0.0877  0.8747 
0.0904  0.8725 
0.0932  0.8703 
0.0959  0.8659 
0.0986  0.8637 
0.1014  0.8593 
0.1041  0.8571 
0.1068  0.8549 
0.1096  0.8527 
0.1123  0.8505 
0.1151  0.8484 
0.1178  0.8440 
0.1205  0.8418 
0.1233  0.8396 
0.1260  0.8374 
0.1288  0.8352 
0.1315  0.7956 
0.1342  0.7934 
0.1370  0.7912 
0.1397  0.7890 
0.1425  0.7868 
0.1452  0.7846 
0.1479  0.7824 
0.1507  0.7802 
0.1534  0.7758 
0.1562  0.7670 
0.1589  0.7626 
0.1616  0.7604 
0.1644  0.7582 
0.1671  0.7560 
0.1699  0.7538 
0.1726  0.7516 
0.1753  0.7495 
0.1781  0.7451 
0.1808  0.7385 
0.1836  0.7363 
0.1863  0.7077 
0.1890  0.6945 
0.1918  0.6923 
0.1945  0.6879 
0.1973  0.6769 
0.2000  0.6747 
0.2027  0.6637 
0.2055  0.6549 
0.2082  0.6527 
0.2110  0.5297 
0.2137  0.5033 
0.2164  0.4593 
0.2192  0.4571 
0.2219  0.4549 
0.2247  0.4549 
0.2274  0.4549 
0.2301  0.4527 
0.2329  0.4462 
0.2356  0.4418 
0.2384  0.4396 
0.2411  0.4396 
0.2438  0.3429 
0.2466  0.3429 
0.2493  0.3429 
0.2521  0.3407 
0.2548  0.3055 
0.2575  0.3055 
0.2603  0.3055 
0.2630  0.2923 
0.2658  0.2813 
0.2685  0.2813 
0.2712  0.2791 
0.2740  0.2659 
0.2767  0.2593 
0.2795  0.2462 
0.2822  0.2440 
0.2849  0.2176 
0.2877  0.2176 
0.2904  0.2110 
0.2932  0.2000 
0.2959  0.2000 
0.2986  0.2000 
0.3014  0.1033 
0.3041  0.1033 
0.3068  0.1033 
0.3096  0.1011 
0.3123  0.0945 
0.3151  0.0945 
0.3178  0.0901 
0.3205  0.0835 
0.3233  0.0835 
0.3260  0.0835 
0.3288  0.0835 
0.3315  0.0835 
0.3342  0.0835 
0.3370  0.0835 
0.3397  0.0835 
0.3425  0.0835 
0.3452  0.0835 
0.3479  0.0835 
0.3507  0.0835 
0.3534  0.0835 
0.3562  0.0835 
0.3589  0.0835 
0.3616  0.0835 
0.3644  0.0835 
0.3671  0.0835 
0.3699  0.0835 
0.3726  0.0835 
0.3753  0.0835 
0.3781  0.0835 
0.3808  0.0835 
0.3836  0.0835 
0.3863  0.0835 
0.3890  0.0835 
0.3918  0.0835 
0.3945  0.0835 
0.3973  0.0835 
0.4000  0.0835 
0.4027  0.0835 
0.4055  0.0835 
0.4082  0.0835 
0.4110  0.0835 
0.4137  0.0835 
0.4164  0.0835 
0.4192  0.0835 
0.4219  0.0835 
0.4247  0.0835 
0.4274  0.0835 
0.4301  0.0835 
0.4329  0.0835 
0.4356  0.0835 
0.4384  0.0835 
0.4411  0.0835 
0.4438  0.0835 
0.4466  0.0835 
0.4493  0.0835 
0.4521  0.0835 
0.4548  0.0835 
0.4575  0.0835 
0.4603  0.0835 
0.4630  0.0835 
0.4658  0.0835 
0.4685  0.0835 
0.4712  0.0835 
0.4740  0.0835 
0.4767  0.0835 
0.4795  0.0835 
0.4822  0.0835 
0.4849  0.0835 
0.4877  0.0835 
0.4904  0.0835 
0.4932  0.0835 
0.4959  0.0835 
0.4986  0.0835 
0.5014  0.0835 
0.5041  0.0835 
0.5068  0.0835 
0.5096  0.0835 
0.5123  0.0835 
0.5151  0.0835 
0.5178  0.0835 
0.5205  0.0835 
0.5233  0.0835 
0.5260  0.0835 
0.5288  0.0835 
0.5315  0.0835 
0.5342  0.0835 
0.5370  0.0835 
0.5397  0.0835 
0.5425  0.0835 
0.5452  0.0835 
0.5479  0.0835 
0.5507  0.0835 
0.5534  0.0835 
0.5562  0.0835 
0.5589  0.0835 
0.5616  0.0835 
0.5644  0.0835 
0.5671  0.0835 
0.5699  0.0835 
0.5726  0.0835 
0.5753  0.0835 
0.5781  0.0835 
0.5808  0.0835 
0.5836  0.0835 
0.5863  0.0835 
0.5890  0.0835 
0.5918  0.0835 
0.5945  0.0835 
0.5973  0.0813 
0.6000  0.0791 
0.6027  0.0769 
0.6055  0.0747 
0.6082  0.0725 
0.6110  0.0703 
0.6137  0.0681 
0.6164  0.0659 
0.6192  0.0637 
0.6219  0.0615 
0.6247  0.0593 
0.6274  0.0571 
0.6301  0.0549 
0.6329  0.0527 
0.6356  0.0505 
0.6384  0.0484 
0.6411  0.0462 
0.6438  0.0440 
0.6466  0.0418 
0.6493  0.0396 
0.6521  0.0374 
0.6548  0.0352 
0.6575  0.0330 
0.6603  0.0308 
0.6630  0.0286 
0.6658  0.0264 
0.6685  0.0242 
0.6712  0.0220 
0.6740  0.0198 
0.6767  0.0198 
0.6795  0.0198 
0.6822  0.0198 
0.6849  0.0198 
0.6877  0.0198 
0.6904  0.0198 
0.6932  0.0198 
0.6959  0.0198 
0.6986  0.0198 
0.7014  0.0198 
0.7041  0.0198 
0.7068  0.0198 
0.7096  0.0198 
0.7123  0.0198 
0.7151  0.0198 
0.7178  0.0198 
0.7205  0.0198 
0.7233  0.0198 
0.7260  0.0176 
0.7288  0.0176 
0.7315  0.0176 
0.7342  0.0176 
0.7370  0.0176 
0.7397  0.0176 
0.7425  0.0176 
0.7452  0.0176 
0.7479  0.0176 
0.7507  0.0176 
0.7534  0.0176 
0.7562  0.0176 
0.7589  0.0176 
0.7616  0.0176 
0.7644  0.0176 
0.7671  0.0176 
0.7699  0.0154 
0.7726  0.0154 
0.7753  0.0154 
0.7781  0.0154 
0.7808  0.0154 
0.7836  0.0154 
0.7863  0.0154 
0.7890  0.0154 
0.7918  0.0154 
0.7945  0.0154 
0.7973  0.0154 
0.8000  0.0154 
0.8027  0.0154 
0.8055  0.0154 
0.8082  0.0154 
0.8110  0.0154 
0.8137  0.0154 
0.8164  0.0154 
0.8192  0.0154 
0.8219  0.0154 
0.8247  0.0154 
0.8274  0.0154 
0.8301  0.0154 
0.8329  0.0154 
0.8356  0.0154 
0.8384  0.0154 
0.8411  0.0154 
0.8438  0.0154 
0.8466  0.0154 
0.8493  0.0154 
0.8521  0.0154 
0.8548  0.0154 
0.8575  0.0154 
0.8603  0.0154 
0.8630  0.0154 
0.8658  0.0154 
0.8685  0.0154 
0.8712  0.0154 
0.8740  0.0154 
0.8767  0.0154 
0.8795  0.0154 
0.8822  0.0154 
0.8849  0.0154 
0.8877  0.0154 
0.8904  0.0154 
0.8932  0.0154 
0.8959  0.0132 
0.8986  0.0132 
0.9014  0.0132 
0.9041  0.0132 
0.9068  0.0132 
0.9096  0.0132 
0.9123  0.0132 
0.9151  0.0132 
0.9178  0.0132 
0.9205  0.0132 
0.9233  0.0110 
0.9260  0.0110 
0.9288  0.0110 
0.9315  0.0110 
0.9342  0.0110 
0.9370  0.0110 
0.9397  0.0110 
0.9425  0.0110 
0.9452  0.0110 
0.9479  0.0110 
0.9507  0.0110 
0.9534  0.0110 
0.9562  0.0110 
0.9589  0.0088 
0.9616  0.0088 
0.9644  0.0088 
0.9671  0.0088 
0.9699  0.0066 
0.9726  0.0066 
0.9753  0.0066 
0.9781  0.0066 
0.9808  0.0066 
0.9836  0.0066 
0.9863  0.0066 
0.9890  0.0066 
0.9918  0.0044 
0.9945  0.0044 
0.9973  0.0022 
1.0000  0.0000 
