0.0000  1.0000 
0.0098  0.9911 
0.0196  0.9732 
0.0294  0.9643 
0.0392  0.9464 
0.0490  0.9375 
0.0588  0.9107 
0.0686  0.9107 
0.0784  0.8750 
0.0882  0.8571 
0.0980  0.8571 
0.1078  0.8571 
0.1176  0.8482 
0.1275  0.8393 
0.1373  0.8304 
0.1471  0.8125 
0.1569  0.8036 
0.1667  0.7946 
0.1765  0.7857 
0.1863  0.7768 
0.1961  0.7679 
0.2059  0.7589 
0.2157  0.7500 
0.2255  0.6964 
0.2353  0.6964 
0.2451  0.6964 
0.2549  0.6964 
0.2647  0.6964 
0.2745  0.6875 
0.2843  0.6786 
0.2941  0.6696 
0.3039  0.6161 
0.3137  0.6161 
0.3235  0.6161 
0.3333  0.6161 
0.3431  0.6161 
0.3529  0.6071 
0.3627  0.5982 
0.3725  0.5893 
0.3824  0.5804 
0.3922  0.5714 
0.4020  0.5625 
0.4118  0.5536 
0.4216  0.4911 
0.4314  0.4911 
0.4412  0.4911 
0.4510  0.4911 
0.4608  0.4911 
0.4706  0.4911 
0.4804  0.4821 
0.4902  0.4732 
0.5000  0.4643 
0.5098  0.4554 
0.5196  0.4464 
0.5294  0.4375 
0.5392  0.4286 
0.5490  0.3482 
0.5588  0.3482 
0.5686  0.3482 
0.5784  0.3482 
0.5882  0.3482 
0.5980  0.3482 
0.6078  0.3482 
0.6176  0.3482 
0.6275  0.3393 
0.6373  0.3304 
0.6471  0.3214 
0.6569  0.3125 
0.6667  0.3036 
0.6765  0.2946 
0.6863  0.2857 
0.6961  0.2768 
0.7059  0.2679 
0.7157  0.2589 
0.7255  0.2500 
0.7353  0.2411 
0.7451  0.2321 
0.7549  0.2232 
0.7647  0.2143 
0.7745  0.2054 
0.7843  0.1964 
0.7941  0.1875 
0.8039  0.1786 
0.8137  0.1696 
0.8235  0.1607 
0.8333  0.1518 
0.8431  0.1429 
0.8529  0.1339 
0.8627  0.1250 
0.8725  0.1161 
0.8824  0.1071 
0.8922  0.0982 
0.9020  0.0893 
0.9118  0.0804 
0.9216  0.0714 
0.9314  0.0625 
0.9412  0.0536 
0.9510  0.0446 
0.9608  0.0357 
0.9706  0.0268 
0.9804  0.0179 
0.9902  0.0089 
1.0000  0.0000 
