0.0000  1.0000 
0.0278  0.9091 
0.0556  0.8182 
0.0833  0.7500 
0.1111  0.7045 
0.1389  0.6705 
0.1667  0.6364 
0.1944  0.6023 
0.2222  0.5795 
0.2500  0.5455 
0.2778  0.4659 
0.3056  0.4659 
0.3333  0.4659 
0.3611  0.4432 
0.3889  0.4205 
0.4167  0.3977 
0.4444  0.3750 
0.4722  0.3750 
0.5000  0.3523 
0.5278  0.3409 
0.5556  0.3182 
0.5833  0.2955 
0.6111  0.2727 
0.6389  0.2500 
0.6667  0.2273 
0.6944  0.2045 
0.7222  0.1818 
0.7500  0.1591 
0.7778  0.0795 
0.8056  0.0568 
0.8333  0.0568 
0.8611  0.0568 
0.8889  0.0568 
0.9167  0.0227 
0.9444  0.0227 
0.9722  0.0114 
1.0000  0.0000 
