0.0000  1.0000 
0.0278  0.9792 
0.0556  0.9583 
0.0833  0.9375 
0.1111  0.9167 
0.1389  0.8958 
0.1667  0.8750 
0.1944  0.8542 
0.2222  0.8333 
0.2500  0.7500 
0.2778  0.6458 
0.3056  0.6250 
0.3333  0.3542 
0.3611  0.3542 
0.3889  0.2917 
0.4167  0.1667 
0.4444  0.1667 
0.4722  0.1458 
0.5000  0.1250 
0.5278  0.1042 
0.5556  0.1042 
0.5833  0.1042 
0.6111  0.1042 
0.6389  0.1042 
0.6667  0.1042 
0.6944  0.1042 
0.7222  0.0833 
0.7500  0.0625 
0.7778  0.0625 
0.8056  0.0625 
0.8333  0.0625 
0.8611  0.0625 
0.8889  0.0417 
0.9167  0.0417 
0.9444  0.0417 
0.9722  0.0208 
1.0000  0.0000 
