0.0000  1.0000 
0.0179  0.9688 
0.0357  0.9531 
0.0536  0.9375 
0.0714  0.9219 
0.0893  0.9062 
0.1071  0.8906 
0.1250  0.8750 
0.1429  0.8594 
0.1607  0.8125 
0.1786  0.7969 
0.1964  0.7812 
0.2143  0.7656 
0.2321  0.7500 
0.2500  0.7344 
0.2679  0.6406 
0.2857  0.6250 
0.3036  0.3281 
0.3214  0.3281 
0.3393  0.3281 
0.3571  0.3281 
0.3750  0.3281 
0.3929  0.3281 
0.4107  0.3281 
0.4286  0.3281 
0.4464  0.3281 
0.4643  0.3281 
0.4821  0.3281 
0.5000  0.3281 
0.5179  0.3281 
0.5357  0.3281 
0.5536  0.3281 
0.5714  0.3281 
0.5893  0.3281 
0.6071  0.3281 
0.6250  0.2656 
0.6429  0.1562 
0.6607  0.1562 
0.6786  0.1562 
0.6964  0.0938 
0.7143  0.0938 
0.7321  0.0938 
0.7500  0.0938 
0.7679  0.0938 
0.7857  0.0938 
0.8036  0.0781 
0.8214  0.0625 
0.8393  0.0469 
0.8571  0.0469 
0.8750  0.0469 
0.8929  0.0469 
0.9107  0.0469 
0.9286  0.0469 
0.9464  0.0469 
0.9643  0.0312 
0.9821  0.0156 
1.0000  0.0000 
