0.0000  1.0000 
0.0016  0.9887 
0.0033  0.9844 
0.0049  0.9801 
0.0066  0.9773 
0.0082  0.9745 
0.0099  0.9716 
0.0115  0.9617 
0.0131  0.9560 
0.0148  0.9532 
0.0164  0.9475 
0.0181  0.9447 
0.0197  0.9418 
0.0213  0.9390 
0.0230  0.9362 
0.0246  0.9333 
0.0263  0.9305 
0.0279  0.9277 
0.0296  0.9248 
0.0312  0.9220 
0.0328  0.9191 
0.0345  0.9163 
0.0361  0.9163 
0.0378  0.9163 
0.0394  0.9163 
0.0411  0.9135 
0.0427  0.9135 
0.0443  0.9106 
0.0460  0.9078 
0.0476  0.9050 
0.0493  0.9050 
0.0509  0.9050 
0.0525  0.9050 
0.0542  0.9050 
0.0558  0.9050 
0.0575  0.9007 
0.0591  0.9007 
0.0608  0.8993 
0.0624  0.8965 
0.0640  0.8965 
0.0657  0.8965 
0.0673  0.8965 
0.0690  0.8950 
0.0706  0.8922 
0.0722  0.8879 
0.0739  0.8879 
0.0755  0.8837 
0.0772  0.8837 
0.0788  0.8837 
0.0805  0.8766 
0.0821  0.8695 
0.0837  0.8667 
0.0854  0.8652 
0.0870  0.8624 
0.0887  0.8610 
0.0903  0.8596 
0.0920  0.8582 
0.0936  0.8553 
0.0952  0.8525 
0.0969  0.8511 
0.0985  0.8496 
0.1002  0.8482 
0.1018  0.8468 
0.1034  0.8454 
0.1051  0.8440 
0.1067  0.8411 
0.1084  0.8397 
0.1100  0.8369 
0.1117  0.8340 
0.1133  0.8326 
0.1149  0.8284 
0.1166  0.8241 
0.1182  0.8184 
0.1199  0.8184 
0.1215  0.8184 
0.1232  0.8184 
0.1248  0.8184 
0.1264  0.8170 
0.1281  0.8170 
0.1297  0.8170 
0.1314  0.8170 
0.1330  0.8170 
0.1346  0.8156 
0.1363  0.8128 
0.1379  0.8071 
0.1396  0.8071 
0.1412  0.8071 
0.1429  0.8071 
0.1445  0.8071 
0.1461  0.8057 
0.1478  0.8043 
0.1494  0.8028 
0.1511  0.8014 
0.1527  0.8000 
0.1544  0.7943 
0.1560  0.7943 
0.1576  0.7943 
0.1593  0.7901 
0.1609  0.7901 
0.1626  0.7830 
0.1642  0.7787 
0.1658  0.7787 
0.1675  0.7716 
0.1691  0.7716 
0.1708  0.7716 
0.1724  0.7716 
0.1741  0.7702 
0.1757  0.7645 
0.1773  0.7645 
0.1790  0.7645 
0.1806  0.7645 
0.1823  0.7645 
0.1839  0.7645 
0.1856  0.7631 
0.1872  0.7617 
0.1888  0.7603 
0.1905  0.7589 
0.1921  0.7504 
0.1938  0.7461 
0.1954  0.7461 
0.1970  0.7461 
0.1987  0.7390 
0.2003  0.7390 
0.2020  0.7390 
0.2036  0.7390 
0.2053  0.7376 
0.2069  0.7376 
0.2085  0.7376 
0.2102  0.7376 
0.2118  0.7362 
0.2135  0.7305 
0.2151  0.7305 
0.2167  0.7305 
0.2184  0.7220 
0.2200  0.7220 
0.2217  0.7220 
0.2233  0.7220 
0.2250  0.7220 
0.2266  0.7206 
0.2282  0.7191 
0.2299  0.7177 
0.2315  0.7163 
0.2332  0.7106 
0.2348  0.7106 
0.2365  0.7106 
0.2381  0.7092 
0.2397  0.7078 
0.2414  0.7064 
0.2430  0.7021 
0.2447  0.7021 
0.2463  0.7007 
0.2479  0.6993 
0.2496  0.6979 
0.2512  0.6965 
0.2529  0.6950 
0.2545  0.6908 
0.2562  0.6908 
0.2578  0.6894 
0.2594  0.6879 
0.2611  0.6809 
0.2627  0.6809 
0.2644  0.6809 
0.2660  0.6809 
0.2677  0.6794 
0.2693  0.6780 
0.2709  0.6766 
0.2726  0.6752 
0.2742  0.6695 
0.2759  0.6695 
0.2775  0.6695 
0.2791  0.6681 
0.2808  0.6667 
0.2824  0.6652 
0.2841  0.6567 
0.2857  0.6567 
0.2874  0.6567 
0.2890  0.6567 
0.2906  0.6567 
0.2923  0.6553 
0.2939  0.6539 
0.2956  0.6525 
0.2972  0.6511 
0.2989  0.6496 
0.3005  0.6482 
0.3021  0.6468 
0.3038  0.6454 
0.3054  0.6440 
0.3071  0.6426 
0.3087  0.6411 
0.3103  0.6397 
0.3120  0.6383 
0.3136  0.6369 
0.3153  0.6355 
0.3169  0.6340 
0.3186  0.6326 
0.3202  0.6312 
0.3218  0.6298 
0.3235  0.6284 
0.3251  0.6255 
0.3268  0.6241 
0.3284  0.6227 
0.3300  0.6213 
0.3317  0.6199 
0.3333  0.6184 
0.3350  0.6170 
0.3366  0.6142 
0.3383  0.6128 
0.3399  0.6113 
0.3415  0.6000 
0.3432  0.6000 
0.3448  0.6000 
0.3465  0.6000 
0.3481  0.6000 
0.3498  0.6000 
0.3514  0.6000 
0.3530  0.5986 
0.3547  0.5801 
0.3563  0.5716 
0.3580  0.5716 
0.3596  0.5716 
0.3612  0.5716 
0.3629  0.5716 
0.3645  0.5504 
0.3662  0.5418 
0.3678  0.5418 
0.3695  0.5418 
0.3711  0.5418 
0.3727  0.5418 
0.3744  0.5404 
0.3760  0.5390 
0.3777  0.5376 
0.3793  0.5362 
0.3810  0.5348 
0.3826  0.5333 
0.3842  0.5191 
0.3859  0.5191 
0.3875  0.5191 
0.3892  0.5191 
0.3908  0.5191 
0.3924  0.5191 
0.3941  0.5191 
0.3957  0.5191 
0.3974  0.5191 
0.3990  0.5177 
0.4007  0.5163 
0.4023  0.5064 
0.4039  0.5064 
0.4056  0.5064 
0.4072  0.5064 
0.4089  0.5064 
0.4105  0.5064 
0.4122  0.4965 
0.4138  0.4965 
0.4154  0.4965 
0.4171  0.4965 
0.4187  0.4965 
0.4204  0.4965 
0.4220  0.4950 
0.4236  0.4936 
0.4253  0.4922 
0.4269  0.4908 
0.4286  0.4894 
0.4302  0.4752 
0.4319  0.4752 
0.4335  0.4752 
0.4351  0.4752 
0.4368  0.4752 
0.4384  0.4752 
0.4401  0.4752 
0.4417  0.4752 
0.4433  0.4752 
0.4450  0.4738 
0.4466  0.4723 
0.4483  0.4709 
0.4499  0.4695 
0.4516  0.4681 
0.4532  0.4667 
0.4548  0.4596 
0.4565  0.4596 
0.4581  0.4596 
0.4598  0.4596 
0.4614  0.4582 
0.4631  0.4567 
0.4647  0.4553 
0.4663  0.4539 
0.4680  0.4298 
0.4696  0.4199 
0.4713  0.4199 
0.4729  0.4199 
0.4745  0.4199 
0.4762  0.4199 
0.4778  0.4199 
0.4795  0.4184 
0.4811  0.4170 
0.4828  0.4071 
0.4844  0.4071 
0.4860  0.4071 
0.4877  0.4071 
0.4893  0.4071 
0.4910  0.4071 
0.4926  0.4057 
0.4943  0.3957 
0.4959  0.3957 
0.4975  0.3957 
0.4992  0.3957 
0.5008  0.3957 
0.5025  0.3957 
0.5041  0.3943 
0.5057  0.3816 
0.5074  0.3816 
0.5090  0.3816 
0.5107  0.3816 
0.5123  0.3816 
0.5140  0.3816 
0.5156  0.3816 
0.5172  0.3816 
0.5189  0.3801 
0.5205  0.3787 
0.5222  0.3688 
0.5238  0.3688 
0.5255  0.3688 
0.5271  0.3688 
0.5287  0.3688 
0.5304  0.3688 
0.5320  0.3688 
0.5337  0.3688 
0.5353  0.3674 
0.5369  0.3660 
0.5386  0.3660 
0.5402  0.3660 
0.5419  0.3660 
0.5435  0.3660 
0.5452  0.3660 
0.5468  0.3660 
0.5484  0.3660 
0.5501  0.3660 
0.5517  0.3660 
0.5534  0.3645 
0.5550  0.3631 
0.5567  0.3617 
0.5583  0.3603 
0.5599  0.3461 
0.5616  0.3461 
0.5632  0.3461 
0.5649  0.3461 
0.5665  0.3461 
0.5681  0.3461 
0.5698  0.3461 
0.5714  0.3461 
0.5731  0.3461 
0.5747  0.3447 
0.5764  0.3433 
0.5780  0.3418 
0.5796  0.3404 
0.5813  0.3390 
0.5829  0.3277 
0.5846  0.3277 
0.5862  0.3277 
0.5878  0.3277 
0.5895  0.3277 
0.5911  0.3277 
0.5928  0.3277 
0.5944  0.3262 
0.5961  0.3248 
0.5977  0.3234 
0.5993  0.3078 
0.6010  0.3064 
0.6026  0.3050 
0.6043  0.3035 
0.6059  0.3035 
0.6076  0.3035 
0.6092  0.3035 
0.6108  0.3035 
0.6125  0.3035 
0.6141  0.3035 
0.6158  0.3035 
0.6174  0.3035 
0.6190  0.3035 
0.6207  0.3021 
0.6223  0.3007 
0.6240  0.3007 
0.6256  0.2993 
0.6273  0.2908 
0.6289  0.2908 
0.6305  0.2908 
0.6322  0.2908 
0.6338  0.2908 
0.6355  0.2894 
0.6371  0.2879 
0.6388  0.2865 
0.6404  0.2667 
0.6420  0.2652 
0.6437  0.2638 
0.6453  0.2624 
0.6470  0.2482 
0.6486  0.2482 
0.6502  0.2482 
0.6519  0.2482 
0.6535  0.2482 
0.6552  0.2482 
0.6568  0.2482 
0.6585  0.2482 
0.6601  0.2482 
0.6617  0.2482 
0.6634  0.2482 
0.6650  0.2482 
0.6667  0.2482 
0.6683  0.2482 
0.6700  0.2482 
0.6716  0.2482 
0.6732  0.2482 
0.6749  0.2482 
0.6765  0.2482 
0.6782  0.2482 
0.6798  0.2482 
0.6814  0.2326 
0.6831  0.2326 
0.6847  0.2326 
0.6864  0.2326 
0.6880  0.2326 
0.6897  0.2326 
0.6913  0.2326 
0.6929  0.2326 
0.6946  0.2326 
0.6962  0.2326 
0.6979  0.2156 
0.6995  0.2156 
0.7011  0.2156 
0.7028  0.2156 
0.7044  0.2156 
0.7061  0.2156 
0.7077  0.2156 
0.7094  0.2156 
0.7110  0.2156 
0.7126  0.2156 
0.7143  0.2156 
0.7159  0.2156 
0.7176  0.2156 
0.7192  0.2156 
0.7209  0.2156 
0.7225  0.2156 
0.7241  0.2156 
0.7258  0.2156 
0.7274  0.2156 
0.7291  0.2156 
0.7307  0.2156 
0.7323  0.2156 
0.7340  0.2156 
0.7356  0.2156 
0.7373  0.2156 
0.7389  0.2142 
0.7406  0.2128 
0.7422  0.1844 
0.7438  0.1830 
0.7455  0.1816 
0.7471  0.1660 
0.7488  0.1660 
0.7504  0.1660 
0.7521  0.1660 
0.7537  0.1660 
0.7553  0.1660 
0.7570  0.1660 
0.7586  0.1660 
0.7603  0.1660 
0.7619  0.1660 
0.7635  0.1660 
0.7652  0.1660 
0.7668  0.1660 
0.7685  0.1660 
0.7701  0.1660 
0.7718  0.1660 
0.7734  0.1660 
0.7750  0.1660 
0.7767  0.1660 
0.7783  0.1660 
0.7800  0.1660 
0.7816  0.1660 
0.7833  0.1660 
0.7849  0.1645 
0.7865  0.1631 
0.7882  0.1617 
0.7898  0.1404 
0.7915  0.1404 
0.7931  0.1404 
0.7947  0.1404 
0.7964  0.1404 
0.7980  0.1404 
0.7997  0.1404 
0.8013  0.1404 
0.8030  0.1404 
0.8046  0.1404 
0.8062  0.1404 
0.8079  0.1404 
0.8095  0.1404 
0.8112  0.1404 
0.8128  0.1390 
0.8144  0.1390 
0.8161  0.1390 
0.8177  0.1390 
0.8194  0.1390 
0.8210  0.1376 
0.8227  0.1362 
0.8243  0.1362 
0.8259  0.1362 
0.8276  0.1362 
0.8292  0.1362 
0.8309  0.1362 
0.8325  0.1362 
0.8342  0.1362 
0.8358  0.1362 
0.8374  0.1362 
0.8391  0.1362 
0.8407  0.1362 
0.8424  0.1362 
0.8440  0.1362 
0.8456  0.1362 
0.8473  0.1348 
0.8489  0.1333 
0.8506  0.1319 
0.8522  0.1305 
0.8539  0.1135 
0.8555  0.1135 
0.8571  0.1135 
0.8588  0.1135 
0.8604  0.1135 
0.8621  0.1135 
0.8637  0.1135 
0.8654  0.1135 
0.8670  0.1135 
0.8686  0.1135 
0.8703  0.1135 
0.8719  0.1121 
0.8736  0.1106 
0.8752  0.1092 
0.8768  0.1078 
0.8785  0.1064 
0.8801  0.0681 
0.8818  0.0681 
0.8834  0.0681 
0.8851  0.0681 
0.8867  0.0681 
0.8883  0.0681 
0.8900  0.0681 
0.8916  0.0681 
0.8933  0.0681 
0.8949  0.0681 
0.8966  0.0681 
0.8982  0.0681 
0.8998  0.0681 
0.9015  0.0681 
0.9031  0.0681 
0.9048  0.0681 
0.9064  0.0681 
0.9080  0.0681 
0.9097  0.0681 
0.9113  0.0681 
0.9130  0.0681 
0.9146  0.0681 
0.9163  0.0681 
0.9179  0.0681 
0.9195  0.0681 
0.9212  0.0681 
0.9228  0.0667 
0.9245  0.0652 
0.9261  0.0638 
0.9278  0.0624 
0.9294  0.0610 
0.9310  0.0596 
0.9327  0.0582 
0.9343  0.0567 
0.9360  0.0553 
0.9376  0.0539 
0.9392  0.0525 
0.9409  0.0511 
0.9425  0.0496 
0.9442  0.0482 
0.9458  0.0468 
0.9475  0.0454 
0.9491  0.0440 
0.9507  0.0426 
0.9524  0.0411 
0.9540  0.0397 
0.9557  0.0383 
0.9573  0.0369 
0.9589  0.0355 
0.9606  0.0340 
0.9622  0.0326 
0.9639  0.0312 
0.9655  0.0298 
0.9672  0.0284 
0.9688  0.0270 
0.9704  0.0255 
0.9721  0.0241 
0.9737  0.0227 
0.9754  0.0213 
0.9770  0.0199 
0.9787  0.0184 
0.9803  0.0170 
0.9819  0.0156 
0.9836  0.0142 
0.9852  0.0128 
0.9869  0.0113 
0.9885  0.0099 
0.9901  0.0085 
0.9918  0.0071 
0.9934  0.0057 
0.9951  0.0043 
0.9967  0.0028 
0.9984  0.0014 
1.0000  0.0000 
