0.0000  1.0000 
0.0227  0.9821 
0.0455  0.9643 
0.0682  0.9464 
0.0909  0.9286 
0.1136  0.9107 
0.1364  0.8929 
0.1591  0.8750 
0.1818  0.8214 
0.2045  0.8036 
0.2273  0.7857 
0.2500  0.7679 
0.2727  0.7500 
0.2955  0.7321 
0.3182  0.7143 
0.3409  0.6964 
0.3636  0.6786 
0.3864  0.6607 
0.4091  0.6429 
0.4318  0.6250 
0.4545  0.6071 
0.4773  0.5714 
0.5000  0.3929 
0.5227  0.3571 
0.5455  0.1786 
0.5682  0.1607 
0.5909  0.1607 
0.6136  0.1607 
0.6364  0.1607 
0.6591  0.0893 
0.6818  0.0893 
0.7045  0.0893 
0.7273  0.0893 
0.7500  0.0893 
0.7727  0.0893 
0.7955  0.0893 
0.8182  0.0893 
0.8409  0.0893 
0.8636  0.0714 
0.8864  0.0536 
0.9091  0.0536 
0.9318  0.0536 
0.9545  0.0357 
0.9773  0.0179 
1.0000  0.0000 
