0.0000  1.0000 
0.0156  0.9406 
0.0312  0.9307 
0.0469  0.9010 
0.0625  0.8812 
0.0781  0.8614 
0.0938  0.8515 
0.1094  0.8416 
0.1250  0.8218 
0.1406  0.8020 
0.1562  0.7822 
0.1719  0.7723 
0.1875  0.7624 
0.2031  0.7525 
0.2188  0.7228 
0.2344  0.7030 
0.2500  0.6931 
0.2656  0.6436 
0.2812  0.6238 
0.2969  0.5743 
0.3125  0.5248 
0.3281  0.4653 
0.3438  0.4455 
0.3594  0.2970 
0.3750  0.2970 
0.3906  0.2079 
0.4062  0.1584 
0.4219  0.1386 
0.4375  0.1386 
0.4531  0.1386 
0.4688  0.1386 
0.4844  0.1386 
0.5000  0.1386 
0.5156  0.0990 
0.5312  0.0990 
0.5469  0.0990 
0.5625  0.0990 
0.5781  0.0990 
0.5938  0.0990 
0.6094  0.0891 
0.6250  0.0891 
0.6406  0.0891 
0.6562  0.0693 
0.6719  0.0594 
0.6875  0.0594 
0.7031  0.0594 
0.7188  0.0594 
0.7344  0.0594 
0.7500  0.0594 
0.7656  0.0594 
0.7812  0.0594 
0.7969  0.0396 
0.8125  0.0396 
0.8281  0.0396 
0.8438  0.0396 
0.8594  0.0396 
0.8750  0.0396 
0.8906  0.0396 
0.9062  0.0396 
0.9219  0.0396 
0.9375  0.0396 
0.9531  0.0396 
0.9688  0.0198 
0.9844  0.0099 
1.0000  0.0000 
