0.0000  1.0000 
0.0044  0.9962 
0.0089  0.9923 
0.0133  0.9885 
0.0178  0.9808 
0.0222  0.9770 
0.0267  0.9732 
0.0311  0.9693 
0.0356  0.9579 
0.0400  0.9540 
0.0444  0.9502 
0.0489  0.9464 
0.0533  0.9425 
0.0578  0.9387 
0.0622  0.9349 
0.0667  0.9310 
0.0711  0.9234 
0.0756  0.9195 
0.0800  0.9157 
0.0844  0.9119 
0.0889  0.9080 
0.0933  0.9042 
0.0978  0.9004 
0.1022  0.8889 
0.1067  0.8851 
0.1111  0.8812 
0.1156  0.8774 
0.1200  0.8736 
0.1244  0.8697 
0.1289  0.8659 
0.1333  0.8621 
0.1378  0.8467 
0.1422  0.8429 
0.1467  0.8391 
0.1511  0.8352 
0.1556  0.8314 
0.1600  0.8161 
0.1644  0.8123 
0.1689  0.8084 
0.1733  0.8046 
0.1778  0.8008 
0.1822  0.7969 
0.1867  0.7739 
0.1911  0.7701 
0.1956  0.7663 
0.2000  0.7625 
0.2044  0.7586 
0.2089  0.7548 
0.2133  0.7510 
0.2178  0.7471 
0.2222  0.7433 
0.2267  0.7165 
0.2311  0.7126 
0.2356  0.7088 
0.2400  0.7050 
0.2444  0.7011 
0.2489  0.6973 
0.2533  0.6935 
0.2578  0.6820 
0.2622  0.6590 
0.2667  0.6552 
0.2711  0.6130 
0.2756  0.6092 
0.2800  0.6054 
0.2844  0.5824 
0.2889  0.5747 
0.2933  0.5364 
0.2978  0.5326 
0.3022  0.5287 
0.3067  0.5287 
0.3111  0.5249 
0.3156  0.5211 
0.3200  0.5172 
0.3244  0.4943 
0.3289  0.4904 
0.3333  0.4866 
0.3378  0.4828 
0.3422  0.4789 
0.3467  0.4751 
0.3511  0.4713 
0.3556  0.4023 
0.3600  0.3985 
0.3644  0.3793 
0.3689  0.3487 
0.3733  0.3372 
0.3778  0.3372 
0.3822  0.2912 
0.3867  0.1609 
0.3911  0.1609 
0.3956  0.1456 
0.4000  0.1456 
0.4044  0.1456 
0.4089  0.1456 
0.4133  0.1456 
0.4178  0.1456 
0.4222  0.1456 
0.4267  0.1456 
0.4311  0.1456 
0.4356  0.1456 
0.4400  0.1456 
0.4444  0.1456 
0.4489  0.1456 
0.4533  0.1456 
0.4578  0.1456 
0.4622  0.1456 
0.4667  0.1456 
0.4711  0.1456 
0.4756  0.1456 
0.4800  0.1456 
0.4844  0.1456 
0.4889  0.1456 
0.4933  0.1456 
0.4978  0.1456 
0.5022  0.1456 
0.5067  0.1456 
0.5111  0.1456 
0.5156  0.1456 
0.5200  0.1418 
0.5244  0.1379 
0.5289  0.1341 
0.5333  0.1303 
0.5378  0.1264 
0.5422  0.1226 
0.5467  0.1188 
0.5511  0.1149 
0.5556  0.1111 
0.5600  0.1073 
0.5644  0.1034 
0.5689  0.0996 
0.5733  0.0958 
0.5778  0.0920 
0.5822  0.0881 
0.5867  0.0843 
0.5911  0.0805 
0.5956  0.0766 
0.6000  0.0728 
0.6044  0.0690 
0.6089  0.0651 
0.6133  0.0651 
0.6178  0.0651 
0.6222  0.0651 
0.6267  0.0651 
0.6311  0.0651 
0.6356  0.0651 
0.6400  0.0651 
0.6444  0.0651 
0.6489  0.0651 
0.6533  0.0651 
0.6578  0.0651 
0.6622  0.0651 
0.6667  0.0651 
0.6711  0.0651 
0.6756  0.0651 
0.6800  0.0651 
0.6844  0.0613 
0.6889  0.0575 
0.6933  0.0536 
0.6978  0.0498 
0.7022  0.0460 
0.7067  0.0421 
0.7111  0.0383 
0.7156  0.0345 
0.7200  0.0307 
0.7244  0.0307 
0.7289  0.0307 
0.7333  0.0307 
0.7378  0.0307 
0.7422  0.0307 
0.7467  0.0307 
0.7511  0.0307 
0.7556  0.0307 
0.7600  0.0307 
0.7644  0.0307 
0.7689  0.0307 
0.7733  0.0307 
0.7778  0.0307 
0.7822  0.0307 
0.7867  0.0307 
0.7911  0.0307 
0.7956  0.0307 
0.8000  0.0307 
0.8044  0.0307 
0.8089  0.0307 
0.8133  0.0307 
0.8178  0.0307 
0.8222  0.0307 
0.8267  0.0307 
0.8311  0.0307 
0.8356  0.0307 
0.8400  0.0307 
0.8444  0.0307 
0.8489  0.0307 
0.8533  0.0307 
0.8578  0.0307 
0.8622  0.0307 
0.8667  0.0307 
0.8711  0.0307 
0.8756  0.0307 
0.8800  0.0307 
0.8844  0.0307 
0.8889  0.0307 
0.8933  0.0307 
0.8978  0.0307 
0.9022  0.0307 
0.9067  0.0307 
0.9111  0.0307 
0.9156  0.0307 
0.9200  0.0307 
0.9244  0.0307 
0.9289  0.0307 
0.9333  0.0307 
0.9378  0.0307 
0.9422  0.0307 
0.9467  0.0307 
0.9511  0.0268 
0.9556  0.0230 
0.9600  0.0192 
0.9644  0.0153 
0.9689  0.0115 
0.9733  0.0115 
0.9778  0.0115 
0.9822  0.0077 
0.9867  0.0077 
0.9911  0.0077 
0.9956  0.0038 
1.0000  0.0000 
