0.0000  1.0000 
0.0118  0.9421 
0.0235  0.9256 
0.0353  0.9008 
0.0471  0.8760 
0.0588  0.8678 
0.0706  0.8512 
0.0824  0.8347 
0.0941  0.8182 
0.1059  0.8017 
0.1176  0.7934 
0.1294  0.7686 
0.1412  0.7438 
0.1529  0.7355 
0.1647  0.7190 
0.1765  0.6860 
0.1882  0.6777 
0.2000  0.6694 
0.2118  0.6612 
0.2235  0.6364 
0.2353  0.6281 
0.2471  0.6198 
0.2588  0.6116 
0.2706  0.6033 
0.2824  0.5950 
0.2941  0.5868 
0.3059  0.5620 
0.3176  0.5289 
0.3294  0.5124 
0.3412  0.5041 
0.3529  0.4959 
0.3647  0.4628 
0.3765  0.4545 
0.3882  0.3802 
0.4000  0.3058 
0.4118  0.3058 
0.4235  0.2893 
0.4353  0.1736 
0.4471  0.1736 
0.4588  0.1736 
0.4706  0.1736 
0.4824  0.1736 
0.4941  0.1736 
0.5059  0.1736 
0.5176  0.1736 
0.5294  0.1736 
0.5412  0.1736 
0.5529  0.1736 
0.5647  0.1736 
0.5765  0.1736 
0.5882  0.1736 
0.6000  0.1736 
0.6118  0.1736 
0.6235  0.1736 
0.6353  0.1736 
0.6471  0.1736 
0.6588  0.1736 
0.6706  0.1736 
0.6824  0.1157 
0.6941  0.1157 
0.7059  0.1157 
0.7176  0.1157 
0.7294  0.1157 
0.7412  0.1157 
0.7529  0.1157 
0.7647  0.1157 
0.7765  0.1157 
0.7882  0.1157 
0.8000  0.0992 
0.8118  0.0992 
0.8235  0.0992 
0.8353  0.0496 
0.8471  0.0413 
0.8588  0.0413 
0.8706  0.0413 
0.8824  0.0413 
0.8941  0.0413 
0.9059  0.0413 
0.9176  0.0248 
0.9294  0.0248 
0.9412  0.0248 
0.9529  0.0248 
0.9647  0.0165 
0.9765  0.0165 
0.9882  0.0083 
1.0000  0.0000 
