0.0000  1.0000 
0.0303  0.9474 
0.0606  0.8947 
0.0909  0.8684 
0.1212  0.8421 
0.1515  0.8158 
0.1818  0.7368 
0.2121  0.7368 
0.2424  0.7105 
0.2727  0.6842 
0.3030  0.6579 
0.3333  0.6316 
0.3636  0.6053 
0.3939  0.5263 
0.4242  0.5263 
0.4545  0.5000 
0.4848  0.2368 
0.5152  0.2368 
0.5455  0.2368 
0.5758  0.2368 
0.6061  0.2368 
0.6364  0.2368 
0.6667  0.2368 
0.6970  0.2368 
0.7273  0.2368 
0.7576  0.2105 
0.7879  0.1842 
0.8182  0.1579 
0.8485  0.1316 
0.8788  0.1053 
0.9091  0.0789 
0.9394  0.0526 
0.9697  0.0263 
1.0000  0.0000 
