0.0000  1.0000 
0.0110  0.9907 
0.0220  0.9630 
0.0330  0.9352 
0.0440  0.9259 
0.0549  0.9167 
0.0659  0.9074 
0.0769  0.8889 
0.0879  0.8704 
0.0989  0.8611 
0.1099  0.8519 
0.1209  0.8426 
0.1319  0.8333 
0.1429  0.8241 
0.1538  0.8148 
0.1648  0.8056 
0.1758  0.7963 
0.1868  0.7870 
0.1978  0.7778 
0.2088  0.7685 
0.2198  0.7593 
0.2308  0.7500 
0.2418  0.7407 
0.2527  0.7315 
0.2637  0.7222 
0.2747  0.7130 
0.2857  0.7037 
0.2967  0.6944 
0.3077  0.6852 
0.3187  0.6759 
0.3297  0.3426 
0.3407  0.3241 
0.3516  0.3148 
0.3626  0.2963 
0.3736  0.2963 
0.3846  0.2963 
0.3956  0.2963 
0.4066  0.2963 
0.4176  0.2963 
0.4286  0.2963 
0.4396  0.2963 
0.4505  0.2963 
0.4615  0.2963 
0.4725  0.2963 
0.4835  0.2963 
0.4945  0.2963 
0.5055  0.2963 
0.5165  0.2963 
0.5275  0.2963 
0.5385  0.2963 
0.5495  0.2963 
0.5604  0.2963 
0.5714  0.2963 
0.5824  0.2963 
0.5934  0.2963 
0.6044  0.2963 
0.6154  0.2963 
0.6264  0.2963 
0.6374  0.2963 
0.6484  0.2963 
0.6593  0.2963 
0.6703  0.1852 
0.6813  0.1759 
0.6923  0.1667 
0.7033  0.1574 
0.7143  0.0926 
0.7253  0.0833 
0.7363  0.0741 
0.7473  0.0741 
0.7582  0.0741 
0.7692  0.0741 
0.7802  0.0741 
0.7912  0.0741 
0.8022  0.0741 
0.8132  0.0741 
0.8242  0.0741 
0.8352  0.0741 
0.8462  0.0741 
0.8571  0.0741 
0.8681  0.0741 
0.8791  0.0648 
0.8901  0.0463 
0.9011  0.0278 
0.9121  0.0278 
0.9231  0.0278 
0.9341  0.0185 
0.9451  0.0185 
0.9560  0.0185 
0.9670  0.0185 
0.9780  0.0185 
0.9890  0.0093 
1.0000  0.0000 
