0.0000  1.0000 
0.0122  0.9813 
0.0244  0.9720 
0.0366  0.9626 
0.0488  0.9439 
0.0610  0.9346 
0.0732  0.9252 
0.0854  0.9159 
0.0976  0.9065 
0.1098  0.8879 
0.1220  0.8785 
0.1341  0.8692 
0.1463  0.8598 
0.1585  0.8505 
0.1707  0.8411 
0.1829  0.8318 
0.1951  0.8224 
0.2073  0.8131 
0.2195  0.8037 
0.2317  0.7944 
0.2439  0.7850 
0.2561  0.7664 
0.2683  0.7570 
0.2805  0.7196 
0.2927  0.7009 
0.3049  0.6355 
0.3171  0.6262 
0.3293  0.5607 
0.3415  0.5514 
0.3537  0.5421 
0.3659  0.4766 
0.3780  0.4206 
0.3902  0.4112 
0.4024  0.4019 
0.4146  0.3551 
0.4268  0.3458 
0.4390  0.3364 
0.4512  0.2336 
0.4634  0.2336 
0.4756  0.1963 
0.4878  0.1308 
0.5000  0.1308 
0.5122  0.0748 
0.5244  0.0748 
0.5366  0.0561 
0.5488  0.0561 
0.5610  0.0561 
0.5732  0.0561 
0.5854  0.0561 
0.5976  0.0561 
0.6098  0.0561 
0.6220  0.0561 
0.6341  0.0561 
0.6463  0.0561 
0.6585  0.0561 
0.6707  0.0561 
0.6829  0.0561 
0.6951  0.0561 
0.7073  0.0467 
0.7195  0.0467 
0.7317  0.0467 
0.7439  0.0467 
0.7561  0.0467 
0.7683  0.0374 
0.7805  0.0280 
0.7927  0.0280 
0.8049  0.0280 
0.8171  0.0280 
0.8293  0.0280 
0.8415  0.0280 
0.8537  0.0280 
0.8659  0.0280 
0.8780  0.0280 
0.8902  0.0280 
0.9024  0.0280 
0.9146  0.0280 
0.9268  0.0280 
0.9390  0.0280 
0.9512  0.0187 
0.9634  0.0187 
0.9756  0.0187 
0.9878  0.0093 
1.0000  0.0000 
