0.0000  1.0000 
0.0111  0.9709 
0.0222  0.9612 
0.0333  0.9515 
0.0444  0.9417 
0.0556  0.9320 
0.0667  0.9223 
0.0778  0.9126 
0.0889  0.9029 
0.1000  0.8932 
0.1111  0.8835 
0.1222  0.8738 
0.1333  0.8641 
0.1444  0.8544 
0.1556  0.8058 
0.1667  0.7961 
0.1778  0.7864 
0.1889  0.7767 
0.2000  0.6893 
0.2111  0.6796 
0.2222  0.6505 
0.2333  0.6311 
0.2444  0.6214 
0.2556  0.6019 
0.2667  0.5922 
0.2778  0.5631 
0.2889  0.5534 
0.3000  0.5437 
0.3111  0.2816 
0.3222  0.2816 
0.3333  0.2621 
0.3444  0.2621 
0.3556  0.2524 
0.3667  0.2427 
0.3778  0.2330 
0.3889  0.2233 
0.4000  0.2136 
0.4111  0.2039 
0.4222  0.1942 
0.4333  0.1845 
0.4444  0.1748 
0.4556  0.1650 
0.4667  0.1553 
0.4778  0.1456 
0.4889  0.1456 
0.5000  0.1456 
0.5111  0.1456 
0.5222  0.1456 
0.5333  0.1456 
0.5444  0.1456 
0.5556  0.1456 
0.5667  0.1456 
0.5778  0.1456 
0.5889  0.1456 
0.6000  0.1456 
0.6111  0.1456 
0.6222  0.1456 
0.6333  0.1456 
0.6444  0.1456 
0.6556  0.1456 
0.6667  0.1456 
0.6778  0.1456 
0.6889  0.1456 
0.7000  0.1456 
0.7111  0.1456 
0.7222  0.1359 
0.7333  0.1262 
0.7444  0.1165 
0.7556  0.1068 
0.7667  0.0971 
0.7778  0.0874 
0.7889  0.0777 
0.8000  0.0680 
0.8111  0.0680 
0.8222  0.0680 
0.8333  0.0680 
0.8444  0.0680 
0.8556  0.0680 
0.8667  0.0680 
0.8778  0.0680 
0.8889  0.0680 
0.9000  0.0485 
0.9111  0.0485 
0.9222  0.0485 
0.9333  0.0485 
0.9444  0.0485 
0.9556  0.0388 
0.9667  0.0291 
0.9778  0.0194 
0.9889  0.0097 
1.0000  0.0000 
