0.0000  1.0000 
0.0072  0.9831 
0.0144  0.9719 
0.0216  0.9607 
0.0288  0.9494 
0.0360  0.9382 
0.0432  0.9270 
0.0504  0.9157 
0.0576  0.8989 
0.0647  0.8989 
0.0719  0.8764 
0.0791  0.8652 
0.0863  0.8596 
0.0935  0.8483 
0.1007  0.8483 
0.1079  0.8483 
0.1151  0.8427 
0.1223  0.8371 
0.1295  0.8258 
0.1367  0.8202 
0.1439  0.8146 
0.1511  0.8034 
0.1583  0.7978 
0.1655  0.7697 
0.1727  0.7640 
0.1799  0.7584 
0.1871  0.7528 
0.1942  0.7472 
0.2014  0.7360 
0.2086  0.7303 
0.2158  0.7135 
0.2230  0.7022 
0.2302  0.6966 
0.2374  0.6854 
0.2446  0.6854 
0.2518  0.6685 
0.2590  0.6685 
0.2662  0.6629 
0.2734  0.6461 
0.2806  0.6404 
0.2878  0.6292 
0.2950  0.6292 
0.3022  0.6124 
0.3094  0.6124 
0.3165  0.6067 
0.3237  0.6011 
0.3309  0.5899 
0.3381  0.5843 
0.3453  0.5674 
0.3525  0.5674 
0.3597  0.5674 
0.3669  0.5674 
0.3741  0.5674 
0.3813  0.5618 
0.3885  0.5449 
0.3957  0.5449 
0.4029  0.5393 
0.4101  0.5337 
0.4173  0.5225 
0.4245  0.5169 
0.4317  0.5000 
0.4388  0.5000 
0.4460  0.4944 
0.4532  0.4888 
0.4604  0.4831 
0.4676  0.4775 
0.4748  0.4494 
0.4820  0.4326 
0.4892  0.4326 
0.4964  0.4270 
0.5036  0.4101 
0.5108  0.4101 
0.5180  0.4101 
0.5252  0.4101 
0.5324  0.4045 
0.5396  0.4045 
0.5468  0.3820 
0.5540  0.3820 
0.5612  0.3820 
0.5683  0.3652 
0.5755  0.3652 
0.5827  0.3427 
0.5899  0.3427 
0.5971  0.3427 
0.6043  0.3034 
0.6115  0.2978 
0.6187  0.2921 
0.6259  0.2753 
0.6331  0.2753 
0.6403  0.2753 
0.6475  0.2753 
0.6547  0.2753 
0.6619  0.2753 
0.6691  0.2753 
0.6763  0.2697 
0.6835  0.2640 
0.6906  0.2584 
0.6978  0.2528 
0.7050  0.2135 
0.7122  0.2135 
0.7194  0.2135 
0.7266  0.2135 
0.7338  0.2135 
0.7410  0.2135 
0.7482  0.2079 
0.7554  0.2022 
0.7626  0.1966 
0.7698  0.1573 
0.7770  0.1573 
0.7842  0.1573 
0.7914  0.1573 
0.7986  0.1573 
0.8058  0.1573 
0.8129  0.0955 
0.8201  0.0955 
0.8273  0.0955 
0.8345  0.0955 
0.8417  0.0955 
0.8489  0.0955 
0.8561  0.0955 
0.8633  0.0955 
0.8705  0.0955 
0.8777  0.0955 
0.8849  0.0899 
0.8921  0.0843 
0.8993  0.0787 
0.9065  0.0730 
0.9137  0.0674 
0.9209  0.0618 
0.9281  0.0562 
0.9353  0.0506 
0.9424  0.0449 
0.9496  0.0393 
0.9568  0.0337 
0.9640  0.0281 
0.9712  0.0225 
0.9784  0.0169 
0.9856  0.0112 
0.9928  0.0056 
1.0000  0.0000 
