0.0000  1.0000 
0.0042  0.9924 
0.0085  0.9848 
0.0127  0.9773 
0.0169  0.9735 
0.0212  0.9659 
0.0254  0.9545 
0.0297  0.9545 
0.0339  0.9508 
0.0381  0.9432 
0.0424  0.9394 
0.0466  0.9356 
0.0508  0.9280 
0.0551  0.9242 
0.0593  0.9205 
0.0636  0.9167 
0.0678  0.9091 
0.0720  0.9053 
0.0763  0.9015 
0.0805  0.8977 
0.0847  0.8902 
0.0890  0.8864 
0.0932  0.8826 
0.0975  0.8788 
0.1017  0.8750 
0.1059  0.8636 
0.1102  0.8636 
0.1144  0.8598 
0.1186  0.8561 
0.1229  0.8523 
0.1271  0.8485 
0.1314  0.8333 
0.1356  0.8333 
0.1398  0.8333 
0.1441  0.8295 
0.1483  0.8258 
0.1525  0.8220 
0.1568  0.8182 
0.1610  0.8144 
0.1653  0.7992 
0.1695  0.7992 
0.1737  0.7992 
0.1780  0.7955 
0.1822  0.7917 
0.1864  0.7879 
0.1907  0.7689 
0.1949  0.7689 
0.1992  0.7689 
0.2034  0.7689 
0.2076  0.7652 
0.2119  0.7614 
0.2161  0.7576 
0.2203  0.7538 
0.2246  0.7500 
0.2288  0.7348 
0.2331  0.7348 
0.2373  0.7348 
0.2415  0.7311 
0.2458  0.7273 
0.2500  0.7235 
0.2542  0.7197 
0.2585  0.7159 
0.2627  0.7121 
0.2669  0.7083 
0.2712  0.6894 
0.2754  0.6894 
0.2797  0.6894 
0.2839  0.6894 
0.2881  0.6856 
0.2924  0.6818 
0.2966  0.6780 
0.3008  0.6742 
0.3051  0.6705 
0.3093  0.6667 
0.3136  0.6629 
0.3178  0.6591 
0.3220  0.6553 
0.3263  0.6402 
0.3305  0.6402 
0.3347  0.6402 
0.3390  0.6364 
0.3432  0.6326 
0.3475  0.6288 
0.3517  0.6250 
0.3559  0.6098 
0.3602  0.6098 
0.3644  0.6098 
0.3686  0.6061 
0.3729  0.6023 
0.3771  0.5985 
0.3814  0.5947 
0.3856  0.5909 
0.3898  0.5871 
0.3941  0.5833 
0.3983  0.5795 
0.4025  0.5758 
0.4068  0.5720 
0.4110  0.5682 
0.4153  0.5644 
0.4195  0.5530 
0.4237  0.5530 
0.4280  0.5492 
0.4322  0.5303 
0.4364  0.5303 
0.4407  0.5303 
0.4449  0.5303 
0.4492  0.5265 
0.4534  0.5227 
0.4576  0.5189 
0.4619  0.5152 
0.4661  0.5038 
0.4703  0.5038 
0.4746  0.5000 
0.4788  0.4962 
0.4831  0.4924 
0.4873  0.4886 
0.4915  0.4848 
0.4958  0.4811 
0.5000  0.4659 
0.5042  0.4621 
0.5085  0.4583 
0.5127  0.4545 
0.5169  0.4470 
0.5212  0.4470 
0.5254  0.4470 
0.5297  0.4432 
0.5339  0.4394 
0.5381  0.4356 
0.5424  0.4318 
0.5466  0.4280 
0.5508  0.4242 
0.5551  0.4205 
0.5593  0.4167 
0.5636  0.3977 
0.5678  0.3977 
0.5720  0.3977 
0.5763  0.3977 
0.5805  0.3939 
0.5847  0.3902 
0.5890  0.3674 
0.5932  0.3674 
0.5975  0.3674 
0.6017  0.3674 
0.6059  0.3674 
0.6102  0.3636 
0.6144  0.3598 
0.6186  0.3561 
0.6229  0.3333 
0.6271  0.3333 
0.6314  0.3333 
0.6356  0.3333 
0.6398  0.3333 
0.6441  0.3295 
0.6483  0.3258 
0.6525  0.3220 
0.6568  0.2614 
0.6610  0.2614 
0.6653  0.2614 
0.6695  0.2614 
0.6737  0.2614 
0.6780  0.2614 
0.6822  0.2614 
0.6864  0.2614 
0.6907  0.2614 
0.6949  0.2614 
0.6992  0.2614 
0.7034  0.2614 
0.7076  0.2614 
0.7119  0.2614 
0.7161  0.2614 
0.7203  0.2576 
0.7246  0.2538 
0.7288  0.1894 
0.7331  0.1894 
0.7373  0.1894 
0.7415  0.1894 
0.7458  0.1894 
0.7500  0.1894 
0.7542  0.1894 
0.7585  0.1894 
0.7627  0.1894 
0.7669  0.1894 
0.7712  0.1894 
0.7754  0.1894 
0.7797  0.1894 
0.7839  0.1894 
0.7881  0.1894 
0.7924  0.1894 
0.7966  0.1212 
0.8008  0.1212 
0.8051  0.1212 
0.8093  0.1212 
0.8136  0.1212 
0.8178  0.1212 
0.8220  0.1212 
0.8263  0.1212 
0.8305  0.1212 
0.8347  0.1212 
0.8390  0.1212 
0.8432  0.1212 
0.8475  0.1212 
0.8517  0.1212 
0.8559  0.1212 
0.8602  0.1212 
0.8644  0.1212 
0.8686  0.1174 
0.8729  0.1136 
0.8771  0.1098 
0.8814  0.1061 
0.8856  0.1023 
0.8898  0.0985 
0.8941  0.0947 
0.8983  0.0909 
0.9025  0.0871 
0.9068  0.0833 
0.9110  0.0795 
0.9153  0.0758 
0.9195  0.0720 
0.9237  0.0682 
0.9280  0.0644 
0.9322  0.0606 
0.9364  0.0568 
0.9407  0.0530 
0.9449  0.0492 
0.9492  0.0455 
0.9534  0.0417 
0.9576  0.0379 
0.9619  0.0341 
0.9661  0.0303 
0.9703  0.0265 
0.9746  0.0227 
0.9788  0.0189 
0.9831  0.0152 
0.9873  0.0114 
0.9915  0.0076 
0.9958  0.0038 
1.0000  0.0000 
