0.0000  1.0000 
0.0278  0.9205 
0.0556  0.8182 
0.0833  0.7841 
0.1111  0.7614 
0.1389  0.6932 
0.1667  0.6818 
0.1944  0.6477 
0.2222  0.6364 
0.2500  0.5909 
0.2778  0.5795 
0.3056  0.5455 
0.3333  0.5341 
0.3611  0.5227 
0.3889  0.5114 
0.4167  0.4886 
0.4444  0.3750 
0.4722  0.3750 
0.5000  0.2841 
0.5278  0.2841 
0.5556  0.1364 
0.5833  0.1250 
0.6111  0.1250 
0.6389  0.0909 
0.6667  0.0909 
0.6944  0.0909 
0.7222  0.0909 
0.7500  0.0568 
0.7778  0.0568 
0.8056  0.0568 
0.8333  0.0341 
0.8611  0.0341 
0.8889  0.0227 
0.9167  0.0227 
0.9444  0.0227 
0.9722  0.0114 
1.0000  0.0000 
