0.0000  1.0000 
0.0011  0.9960 
0.0023  0.9879 
0.0034  0.9859 
0.0045  0.9839 
0.0057  0.9819 
0.0068  0.9798 
0.0079  0.9778 
0.0091  0.9738 
0.0102  0.9718 
0.0113  0.9698 
0.0125  0.9677 
0.0136  0.9657 
0.0147  0.9637 
0.0159  0.9617 
0.0170  0.9597 
0.0181  0.9577 
0.0193  0.9556 
0.0204  0.9536 
0.0215  0.9536 
0.0227  0.9516 
0.0238  0.9496 
0.0249  0.9496 
0.0260  0.9476 
0.0272  0.9466 
0.0283  0.9395 
0.0294  0.9385 
0.0306  0.9365 
0.0317  0.9355 
0.0328  0.9345 
0.0340  0.9335 
0.0351  0.9315 
0.0362  0.9294 
0.0374  0.9264 
0.0385  0.9264 
0.0396  0.9244 
0.0408  0.9214 
0.0419  0.9214 
0.0430  0.9204 
0.0442  0.9173 
0.0453  0.9173 
0.0464  0.9143 
0.0476  0.9143 
0.0487  0.9113 
0.0498  0.9093 
0.0510  0.9093 
0.0521  0.9083 
0.0532  0.9073 
0.0544  0.9052 
0.0555  0.9042 
0.0566  0.9032 
0.0578  0.9022 
0.0589  0.9012 
0.0600  0.8992 
0.0612  0.8982 
0.0623  0.8972 
0.0634  0.8952 
0.0646  0.8931 
0.0657  0.8911 
0.0668  0.8901 
0.0680  0.8881 
0.0691  0.8871 
0.0702  0.8851 
0.0713  0.8841 
0.0725  0.8810 
0.0736  0.8810 
0.0747  0.8800 
0.0759  0.8790 
0.0770  0.8770 
0.0781  0.8760 
0.0793  0.8750 
0.0804  0.8730 
0.0815  0.8720 
0.0827  0.8710 
0.0838  0.8700 
0.0849  0.8679 
0.0861  0.8669 
0.0872  0.8609 
0.0883  0.8579 
0.0895  0.8579 
0.0906  0.8569 
0.0917  0.8548 
0.0929  0.8538 
0.0940  0.8528 
0.0951  0.8518 
0.0963  0.8498 
0.0974  0.8478 
0.0985  0.8468 
0.0997  0.8458 
0.1008  0.8427 
0.1019  0.8427 
0.1031  0.8417 
0.1042  0.8407 
0.1053  0.8397 
0.1065  0.8367 
0.1076  0.8367 
0.1087  0.8357 
0.1099  0.8347 
0.1110  0.8347 
0.1121  0.8347 
0.1133  0.8347 
0.1144  0.8347 
0.1155  0.8317 
0.1166  0.8317 
0.1178  0.8306 
0.1189  0.8296 
0.1200  0.8276 
0.1212  0.8276 
0.1223  0.8266 
0.1234  0.8266 
0.1246  0.8266 
0.1257  0.8266 
0.1268  0.8256 
0.1280  0.8226 
0.1291  0.8226 
0.1302  0.8216 
0.1314  0.8206 
0.1325  0.8196 
0.1336  0.8185 
0.1348  0.8175 
0.1359  0.8155 
0.1370  0.8105 
0.1382  0.8095 
0.1393  0.8044 
0.1404  0.8044 
0.1416  0.8044 
0.1427  0.8044 
0.1438  0.8044 
0.1450  0.8044 
0.1461  0.8044 
0.1472  0.8034 
0.1484  0.8024 
0.1495  0.7974 
0.1506  0.7974 
0.1518  0.7974 
0.1529  0.7974 
0.1540  0.7964 
0.1552  0.7954 
0.1563  0.7923 
0.1574  0.7923 
0.1586  0.7913 
0.1597  0.7903 
0.1608  0.7893 
0.1619  0.7883 
0.1631  0.7873 
0.1642  0.7863 
0.1653  0.7833 
0.1665  0.7833 
0.1676  0.7823 
0.1687  0.7802 
0.1699  0.7792 
0.1710  0.7782 
0.1721  0.7742 
0.1733  0.7742 
0.1744  0.7742 
0.1755  0.7732 
0.1767  0.7722 
0.1778  0.7712 
0.1789  0.7702 
0.1801  0.7692 
0.1812  0.7661 
0.1823  0.7661 
0.1835  0.7651 
0.1846  0.7641 
0.1857  0.7591 
0.1869  0.7591 
0.1880  0.7591 
0.1891  0.7591 
0.1903  0.7581 
0.1914  0.7571 
0.1925  0.7560 
0.1937  0.7530 
0.1948  0.7530 
0.1959  0.7520 
0.1971  0.7460 
0.1982  0.7460 
0.1993  0.7460 
0.2005  0.7460 
0.2016  0.7460 
0.2027  0.7450 
0.2039  0.7440 
0.2050  0.7429 
0.2061  0.7419 
0.2072  0.7389 
0.2084  0.7389 
0.2095  0.7379 
0.2106  0.7369 
0.2118  0.7359 
0.2129  0.7298 
0.2140  0.7298 
0.2152  0.7298 
0.2163  0.7298 
0.2174  0.7298 
0.2186  0.7288 
0.2197  0.7278 
0.2208  0.7268 
0.2220  0.7208 
0.2231  0.7208 
0.2242  0.7208 
0.2254  0.7208 
0.2265  0.7208 
0.2276  0.7198 
0.2288  0.7188 
0.2299  0.7177 
0.2310  0.7167 
0.2322  0.7157 
0.2333  0.7127 
0.2344  0.7127 
0.2356  0.7056 
0.2367  0.7056 
0.2378  0.7056 
0.2390  0.7056 
0.2401  0.7056 
0.2412  0.7056 
0.2424  0.7046 
0.2435  0.7036 
0.2446  0.6956 
0.2458  0.6956 
0.2469  0.6956 
0.2480  0.6956 
0.2492  0.6956 
0.2503  0.6956 
0.2514  0.6956 
0.2525  0.6946 
0.2537  0.6875 
0.2548  0.6875 
0.2559  0.6875 
0.2571  0.6875 
0.2582  0.6875 
0.2593  0.6875 
0.2605  0.6865 
0.2616  0.6855 
0.2627  0.6845 
0.2639  0.6835 
0.2650  0.6784 
0.2661  0.6784 
0.2673  0.6784 
0.2684  0.6784 
0.2695  0.6774 
0.2707  0.6764 
0.2718  0.6754 
0.2729  0.6683 
0.2741  0.6683 
0.2752  0.6683 
0.2763  0.6683 
0.2775  0.6683 
0.2786  0.6683 
0.2797  0.6673 
0.2809  0.6663 
0.2820  0.6653 
0.2831  0.6643 
0.2843  0.6633 
0.2854  0.6542 
0.2865  0.6542 
0.2877  0.6542 
0.2888  0.6542 
0.2899  0.6542 
0.2911  0.6542 
0.2922  0.6542 
0.2933  0.6542 
0.2945  0.6532 
0.2956  0.6522 
0.2967  0.6512 
0.2978  0.6502 
0.2990  0.6492 
0.3001  0.6482 
0.3012  0.6472 
0.3024  0.6462 
0.3035  0.6452 
0.3046  0.6442 
0.3058  0.6431 
0.3069  0.6421 
0.3080  0.6411 
0.3092  0.6290 
0.3103  0.6280 
0.3114  0.6270 
0.3126  0.6260 
0.3137  0.6190 
0.3148  0.6190 
0.3160  0.6190 
0.3171  0.6190 
0.3182  0.6190 
0.3194  0.6190 
0.3205  0.6190 
0.3216  0.6190 
0.3228  0.6190 
0.3239  0.6190 
0.3250  0.6190 
0.3262  0.6190 
0.3273  0.6190 
0.3284  0.6190 
0.3296  0.6190 
0.3307  0.6190 
0.3318  0.6179 
0.3330  0.6169 
0.3341  0.6038 
0.3352  0.6038 
0.3364  0.6038 
0.3375  0.6038 
0.3386  0.6038 
0.3398  0.6038 
0.3409  0.6038 
0.3420  0.6038 
0.3431  0.6038 
0.3443  0.6038 
0.3454  0.6038 
0.3465  0.6038 
0.3477  0.6028 
0.3488  0.6018 
0.3499  0.5897 
0.3511  0.5897 
0.3522  0.5897 
0.3533  0.5897 
0.3545  0.5897 
0.3556  0.5897 
0.3567  0.5897 
0.3579  0.5897 
0.3590  0.5897 
0.3601  0.5897 
0.3613  0.5897 
0.3624  0.5887 
0.3635  0.5877 
0.3647  0.5867 
0.3658  0.5857 
0.3669  0.5766 
0.3681  0.5766 
0.3692  0.5766 
0.3703  0.5766 
0.3715  0.5766 
0.3726  0.5766 
0.3737  0.5766 
0.3749  0.5766 
0.3760  0.5756 
0.3771  0.5746 
0.3783  0.5736 
0.3794  0.5726 
0.3805  0.5716 
0.3817  0.5706 
0.3828  0.5696 
0.3839  0.5685 
0.3851  0.5675 
0.3862  0.5665 
0.3873  0.5575 
0.3884  0.5575 
0.3896  0.5575 
0.3907  0.5575 
0.3918  0.5575 
0.3930  0.5575 
0.3941  0.5575 
0.3952  0.5575 
0.3964  0.5565 
0.3975  0.5554 
0.3986  0.5544 
0.3998  0.5534 
0.4009  0.5433 
0.4020  0.5433 
0.4032  0.5433 
0.4043  0.5433 
0.4054  0.5433 
0.4066  0.5433 
0.4077  0.5433 
0.4088  0.5433 
0.4100  0.5433 
0.4111  0.5423 
0.4122  0.5413 
0.4134  0.5403 
0.4145  0.5393 
0.4156  0.5383 
0.4168  0.5302 
0.4179  0.5302 
0.4190  0.5302 
0.4202  0.5302 
0.4213  0.5302 
0.4224  0.5302 
0.4236  0.5302 
0.4247  0.5292 
0.4258  0.5282 
0.4270  0.5272 
0.4281  0.5262 
0.4292  0.5252 
0.4304  0.5242 
0.4315  0.5232 
0.4326  0.5222 
0.4337  0.5212 
0.4349  0.5202 
0.4360  0.5111 
0.4371  0.5111 
0.4383  0.5111 
0.4394  0.5111 
0.4405  0.5111 
0.4417  0.5111 
0.4428  0.5111 
0.4439  0.5111 
0.4451  0.5101 
0.4462  0.5091 
0.4473  0.5081 
0.4485  0.4960 
0.4496  0.4960 
0.4507  0.4960 
0.4519  0.4960 
0.4530  0.4960 
0.4541  0.4960 
0.4553  0.4960 
0.4564  0.4960 
0.4575  0.4960 
0.4587  0.4960 
0.4598  0.4960 
0.4609  0.4950 
0.4621  0.4940 
0.4632  0.4929 
0.4643  0.4919 
0.4655  0.4909 
0.4666  0.4899 
0.4677  0.4889 
0.4689  0.4879 
0.4700  0.4869 
0.4711  0.4859 
0.4723  0.4849 
0.4734  0.4778 
0.4745  0.4778 
0.4757  0.4778 
0.4768  0.4778 
0.4779  0.4778 
0.4790  0.4778 
0.4802  0.4768 
0.4813  0.4617 
0.4824  0.4617 
0.4836  0.4617 
0.4847  0.4617 
0.4858  0.4617 
0.4870  0.4617 
0.4881  0.4617 
0.4892  0.4617 
0.4904  0.4617 
0.4915  0.4617 
0.4926  0.4617 
0.4938  0.4617 
0.4949  0.4617 
0.4960  0.4617 
0.4972  0.4607 
0.4983  0.4597 
0.4994  0.4587 
0.5006  0.4577 
0.5017  0.4567 
0.5028  0.4556 
0.5040  0.4425 
0.5051  0.4425 
0.5062  0.4425 
0.5074  0.4425 
0.5085  0.4425 
0.5096  0.4425 
0.5108  0.4425 
0.5119  0.4425 
0.5130  0.4425 
0.5142  0.4425 
0.5153  0.4425 
0.5164  0.4425 
0.5176  0.4415 
0.5187  0.4405 
0.5198  0.4395 
0.5210  0.4183 
0.5221  0.4183 
0.5232  0.4183 
0.5243  0.4183 
0.5255  0.4183 
0.5266  0.4183 
0.5277  0.4183 
0.5289  0.4183 
0.5300  0.4183 
0.5311  0.4183 
0.5323  0.4183 
0.5334  0.4183 
0.5345  0.4183 
0.5357  0.4183 
0.5368  0.4183 
0.5379  0.4183 
0.5391  0.4183 
0.5402  0.4183 
0.5413  0.4183 
0.5425  0.4183 
0.5436  0.4173 
0.5447  0.3921 
0.5459  0.3921 
0.5470  0.3921 
0.5481  0.3921 
0.5493  0.3921 
0.5504  0.3921 
0.5515  0.3921 
0.5527  0.3921 
0.5538  0.3921 
0.5549  0.3921 
0.5561  0.3921 
0.5572  0.3921 
0.5583  0.3921 
0.5595  0.3921 
0.5606  0.3921 
0.5617  0.3921 
0.5629  0.3921 
0.5640  0.3921 
0.5651  0.3921 
0.5663  0.3921 
0.5674  0.3921 
0.5685  0.3921 
0.5696  0.3921 
0.5708  0.3921 
0.5719  0.3911 
0.5730  0.3901 
0.5742  0.3891 
0.5753  0.3881 
0.5764  0.3871 
0.5776  0.3861 
0.5787  0.3851 
0.5798  0.3841 
0.5810  0.3831 
0.5821  0.3821 
0.5832  0.3810 
0.5844  0.3800 
0.5855  0.3790 
0.5866  0.3780 
0.5878  0.3770 
0.5889  0.3760 
0.5900  0.3750 
0.5912  0.3548 
0.5923  0.3548 
0.5934  0.3548 
0.5946  0.3548 
0.5957  0.3548 
0.5968  0.3548 
0.5980  0.3548 
0.5991  0.3548 
0.6002  0.3548 
0.6014  0.3548 
0.6025  0.3548 
0.6036  0.3548 
0.6048  0.3548 
0.6059  0.3548 
0.6070  0.3548 
0.6082  0.3548 
0.6093  0.3548 
0.6104  0.3548 
0.6116  0.3548 
0.6127  0.3266 
0.6138  0.3266 
0.6149  0.3266 
0.6161  0.3266 
0.6172  0.3266 
0.6183  0.3266 
0.6195  0.3266 
0.6206  0.3266 
0.6217  0.3266 
0.6229  0.3266 
0.6240  0.3266 
0.6251  0.3266 
0.6263  0.3266 
0.6274  0.3266 
0.6285  0.3266 
0.6297  0.3266 
0.6308  0.3266 
0.6319  0.3266 
0.6331  0.3266 
0.6342  0.3266 
0.6353  0.3266 
0.6365  0.3266 
0.6376  0.3266 
0.6387  0.3266 
0.6399  0.3266 
0.6410  0.3266 
0.6421  0.3266 
0.6433  0.3256 
0.6444  0.3246 
0.6455  0.3014 
0.6467  0.3014 
0.6478  0.3014 
0.6489  0.3014 
0.6501  0.3014 
0.6512  0.3014 
0.6523  0.3014 
0.6535  0.3014 
0.6546  0.3014 
0.6557  0.3014 
0.6569  0.3014 
0.6580  0.3014 
0.6591  0.3014 
0.6602  0.3014 
0.6614  0.3014 
0.6625  0.3014 
0.6636  0.3014 
0.6648  0.3014 
0.6659  0.3014 
0.6670  0.3014 
0.6682  0.3014 
0.6693  0.3014 
0.6704  0.3004 
0.6716  0.2994 
0.6727  0.2984 
0.6738  0.2974 
0.6750  0.2964 
0.6761  0.2954 
0.6772  0.2944 
0.6784  0.2933 
0.6795  0.2923 
0.6806  0.2913 
0.6818  0.2903 
0.6829  0.2893 
0.6840  0.2883 
0.6852  0.2702 
0.6863  0.2702 
0.6874  0.2702 
0.6886  0.2702 
0.6897  0.2702 
0.6908  0.2702 
0.6920  0.2702 
0.6931  0.2702 
0.6942  0.2702 
0.6954  0.2702 
0.6965  0.2702 
0.6976  0.2702 
0.6988  0.2702 
0.6999  0.2702 
0.7010  0.2702 
0.7022  0.2702 
0.7033  0.2702 
0.7044  0.2692 
0.7055  0.2681 
0.7067  0.2671 
0.7078  0.2661 
0.7089  0.2651 
0.7101  0.2460 
0.7112  0.2460 
0.7123  0.2460 
0.7135  0.2460 
0.7146  0.2460 
0.7157  0.2460 
0.7169  0.2460 
0.7180  0.2460 
0.7191  0.2460 
0.7203  0.2460 
0.7214  0.2460 
0.7225  0.2460 
0.7237  0.2460 
0.7248  0.2460 
0.7259  0.2460 
0.7271  0.2460 
0.7282  0.2460 
0.7293  0.2460 
0.7305  0.2188 
0.7316  0.2188 
0.7327  0.2188 
0.7339  0.2188 
0.7350  0.2188 
0.7361  0.2188 
0.7373  0.2188 
0.7384  0.2188 
0.7395  0.2188 
0.7407  0.2188 
0.7418  0.2188 
0.7429  0.2188 
0.7441  0.2188 
0.7452  0.2188 
0.7463  0.2188 
0.7475  0.2188 
0.7486  0.2188 
0.7497  0.2188 
0.7508  0.2188 
0.7520  0.2188 
0.7531  0.2188 
0.7542  0.2188 
0.7554  0.2188 
0.7565  0.2188 
0.7576  0.2188 
0.7588  0.2188 
0.7599  0.2177 
0.7610  0.2167 
0.7622  0.2157 
0.7633  0.2147 
0.7644  0.2137 
0.7656  0.2127 
0.7667  0.1845 
0.7678  0.1845 
0.7690  0.1845 
0.7701  0.1845 
0.7712  0.1845 
0.7724  0.1845 
0.7735  0.1845 
0.7746  0.1845 
0.7758  0.1845 
0.7769  0.1845 
0.7780  0.1845 
0.7792  0.1845 
0.7803  0.1845 
0.7814  0.1845 
0.7826  0.1845 
0.7837  0.1845 
0.7848  0.1845 
0.7860  0.1845 
0.7871  0.1845 
0.7882  0.1845 
0.7894  0.1845 
0.7905  0.1845 
0.7916  0.1845 
0.7928  0.1845 
0.7939  0.1845 
0.7950  0.1845 
0.7961  0.1845 
0.7973  0.1835 
0.7984  0.1825 
0.7995  0.1815 
0.8007  0.1804 
0.8018  0.1794 
0.8029  0.1784 
0.8041  0.1774 
0.8052  0.1764 
0.8063  0.1754 
0.8075  0.1744 
0.8086  0.1734 
0.8097  0.1724 
0.8109  0.1361 
0.8120  0.1361 
0.8131  0.1361 
0.8143  0.1361 
0.8154  0.1361 
0.8165  0.1361 
0.8177  0.1361 
0.8188  0.1361 
0.8199  0.1361 
0.8211  0.1361 
0.8222  0.1361 
0.8233  0.1361 
0.8245  0.1361 
0.8256  0.1361 
0.8267  0.1361 
0.8279  0.1361 
0.8290  0.1361 
0.8301  0.1361 
0.8313  0.1361 
0.8324  0.1361 
0.8335  0.1361 
0.8347  0.1361 
0.8358  0.1361 
0.8369  0.1361 
0.8381  0.1361 
0.8392  0.1361 
0.8403  0.1361 
0.8414  0.1361 
0.8426  0.1361 
0.8437  0.1361 
0.8448  0.1361 
0.8460  0.1361 
0.8471  0.1361 
0.8482  0.1361 
0.8494  0.1361 
0.8505  0.1351 
0.8516  0.1341 
0.8528  0.1331 
0.8539  0.1321 
0.8550  0.0978 
0.8562  0.0978 
0.8573  0.0978 
0.8584  0.0978 
0.8596  0.0978 
0.8607  0.0978 
0.8618  0.0978 
0.8630  0.0978 
0.8641  0.0978 
0.8652  0.0978 
0.8664  0.0978 
0.8675  0.0978 
0.8686  0.0978 
0.8698  0.0978 
0.8709  0.0978 
0.8720  0.0978 
0.8732  0.0978 
0.8743  0.0978 
0.8754  0.0978 
0.8766  0.0978 
0.8777  0.0978 
0.8788  0.0978 
0.8800  0.0978 
0.8811  0.0978 
0.8822  0.0978 
0.8834  0.0978 
0.8845  0.0978 
0.8856  0.0978 
0.8867  0.0978 
0.8879  0.0978 
0.8890  0.0978 
0.8901  0.0978 
0.8913  0.0978 
0.8924  0.0968 
0.8935  0.0958 
0.8947  0.0948 
0.8958  0.0938 
0.8969  0.0927 
0.8981  0.0917 
0.8992  0.0907 
0.9003  0.0524 
0.9015  0.0524 
0.9026  0.0524 
0.9037  0.0524 
0.9049  0.0524 
0.9060  0.0524 
0.9071  0.0524 
0.9083  0.0524 
0.9094  0.0524 
0.9105  0.0524 
0.9117  0.0524 
0.9128  0.0524 
0.9139  0.0524 
0.9151  0.0524 
0.9162  0.0524 
0.9173  0.0524 
0.9185  0.0524 
0.9196  0.0524 
0.9207  0.0524 
0.9219  0.0524 
0.9230  0.0524 
0.9241  0.0524 
0.9253  0.0524 
0.9264  0.0524 
0.9275  0.0524 
0.9287  0.0524 
0.9298  0.0524 
0.9309  0.0524 
0.9320  0.0524 
0.9332  0.0524 
0.9343  0.0524 
0.9354  0.0524 
0.9366  0.0524 
0.9377  0.0524 
0.9388  0.0524 
0.9400  0.0524 
0.9411  0.0524 
0.9422  0.0514 
0.9434  0.0504 
0.9445  0.0494 
0.9456  0.0484 
0.9468  0.0474 
0.9479  0.0464 
0.9490  0.0454 
0.9502  0.0444 
0.9513  0.0433 
0.9524  0.0423 
0.9536  0.0413 
0.9547  0.0403 
0.9558  0.0393 
0.9570  0.0383 
0.9581  0.0373 
0.9592  0.0363 
0.9604  0.0353 
0.9615  0.0343 
0.9626  0.0333 
0.9638  0.0323 
0.9649  0.0312 
0.9660  0.0302 
0.9672  0.0292 
0.9683  0.0282 
0.9694  0.0272 
0.9706  0.0262 
0.9717  0.0252 
0.9728  0.0242 
0.9740  0.0232 
0.9751  0.0222 
0.9762  0.0212 
0.9773  0.0202 
0.9785  0.0192 
0.9796  0.0181 
0.9807  0.0171 
0.9819  0.0161 
0.9830  0.0151 
0.9841  0.0141 
0.9853  0.0131 
0.9864  0.0121 
0.9875  0.0111 
0.9887  0.0101 
0.9898  0.0091 
0.9909  0.0081 
0.9921  0.0071 
0.9932  0.0060 
0.9943  0.0050 
0.9955  0.0040 
0.9966  0.0030 
0.9977  0.0020 
0.9989  0.0010 
1.0000  0.0000 
