0.0000  1.0000 
0.0027  0.9934 
0.0055  0.9868 
0.0082  0.9801 
0.0110  0.9757 
0.0137  0.9713 
0.0164  0.9669 
0.0192  0.9625 
0.0219  0.9581 
0.0247  0.9536 
0.0274  0.9492 
0.0301  0.9448 
0.0329  0.9404 
0.0356  0.9360 
0.0384  0.9316 
0.0411  0.9272 
0.0438  0.9117 
0.0466  0.9117 
0.0493  0.9117 
0.0521  0.9117 
0.0548  0.9095 
0.0575  0.9029 
0.0603  0.9007 
0.0630  0.8962 
0.0658  0.8962 
0.0685  0.8918 
0.0712  0.8896 
0.0740  0.8720 
0.0767  0.8698 
0.0795  0.8653 
0.0822  0.8587 
0.0849  0.8587 
0.0877  0.8521 
0.0904  0.8499 
0.0932  0.8499 
0.0959  0.8455 
0.0986  0.8455 
0.1014  0.8455 
0.1041  0.8433 
0.1068  0.8389 
0.1096  0.8366 
0.1123  0.8322 
0.1151  0.8256 
0.1178  0.8256 
0.1205  0.8234 
0.1233  0.8234 
0.1260  0.8168 
0.1288  0.8102 
0.1315  0.8102 
0.1342  0.8035 
0.1370  0.7969 
0.1397  0.7969 
0.1425  0.7969 
0.1452  0.7969 
0.1479  0.7903 
0.1507  0.7881 
0.1534  0.7859 
0.1562  0.7815 
0.1589  0.7815 
0.1616  0.7770 
0.1644  0.7770 
0.1671  0.7704 
0.1699  0.7682 
0.1726  0.7682 
0.1753  0.7638 
0.1781  0.7616 
0.1808  0.7594 
0.1836  0.7550 
0.1863  0.7528 
0.1890  0.7506 
0.1918  0.7483 
0.1945  0.7439 
0.1973  0.7417 
0.2000  0.7395 
0.2027  0.7373 
0.2055  0.7329 
0.2082  0.7263 
0.2110  0.7263 
0.2137  0.7108 
0.2164  0.7108 
0.2192  0.7086 
0.2219  0.7064 
0.2247  0.7042 
0.2274  0.7020 
0.2301  0.6954 
0.2329  0.6954 
0.2356  0.6932 
0.2384  0.6865 
0.2411  0.6799 
0.2438  0.6799 
0.2466  0.6799 
0.2493  0.6799 
0.2521  0.6799 
0.2548  0.6711 
0.2575  0.6689 
0.2603  0.6689 
0.2630  0.6689 
0.2658  0.6689 
0.2685  0.6623 
0.2712  0.6623 
0.2740  0.6600 
0.2767  0.6578 
0.2795  0.6556 
0.2822  0.6490 
0.2849  0.6490 
0.2877  0.6468 
0.2904  0.6402 
0.2932  0.6336 
0.2959  0.6336 
0.2986  0.6247 
0.3014  0.6247 
0.3041  0.6247 
0.3068  0.6247 
0.3096  0.6225 
0.3123  0.6115 
0.3151  0.6026 
0.3178  0.6004 
0.3205  0.5872 
0.3233  0.5872 
0.3260  0.5872 
0.3288  0.5806 
0.3315  0.5806 
0.3342  0.5784 
0.3370  0.5762 
0.3397  0.5762 
0.3425  0.5762 
0.3452  0.5740 
0.3479  0.5673 
0.3507  0.5673 
0.3534  0.5651 
0.3562  0.5563 
0.3589  0.5563 
0.3616  0.5563 
0.3644  0.5453 
0.3671  0.5453 
0.3699  0.5453 
0.3726  0.5453 
0.3753  0.5430 
0.3781  0.5364 
0.3808  0.5364 
0.3836  0.5364 
0.3863  0.5364 
0.3890  0.5364 
0.3918  0.5364 
0.3945  0.5364 
0.3973  0.5342 
0.4000  0.5320 
0.4027  0.5210 
0.4055  0.5210 
0.4082  0.5210 
0.4110  0.5210 
0.4137  0.5099 
0.4164  0.5099 
0.4192  0.5099 
0.4219  0.5099 
0.4247  0.5077 
0.4274  0.5055 
0.4301  0.4834 
0.4329  0.4702 
0.4356  0.4570 
0.4384  0.4570 
0.4411  0.4570 
0.4438  0.4570 
0.4466  0.4570 
0.4493  0.4393 
0.4521  0.4393 
0.4548  0.4393 
0.4575  0.4393 
0.4603  0.4393 
0.4630  0.4371 
0.4658  0.4260 
0.4685  0.4260 
0.4712  0.4260 
0.4740  0.4260 
0.4767  0.4128 
0.4795  0.4128 
0.4822  0.4128 
0.4849  0.4128 
0.4877  0.4128 
0.4904  0.4106 
0.4932  0.3974 
0.4959  0.3974 
0.4986  0.3974 
0.5014  0.3974 
0.5041  0.3974 
0.5068  0.3974 
0.5096  0.3974 
0.5123  0.3974 
0.5151  0.3974 
0.5178  0.3974 
0.5205  0.3974 
0.5233  0.3951 
0.5260  0.3929 
0.5288  0.3907 
0.5315  0.3797 
0.5342  0.3797 
0.5370  0.3797 
0.5397  0.3797 
0.5425  0.3245 
0.5452  0.3223 
0.5479  0.3201 
0.5507  0.3068 
0.5534  0.3068 
0.5562  0.3068 
0.5589  0.3068 
0.5616  0.3068 
0.5644  0.3046 
0.5671  0.3024 
0.5699  0.3002 
0.5726  0.2980 
0.5753  0.2958 
0.5781  0.2605 
0.5808  0.2605 
0.5836  0.2605 
0.5863  0.2605 
0.5890  0.2583 
0.5918  0.2561 
0.5945  0.2539 
0.5973  0.2384 
0.6000  0.2384 
0.6027  0.2384 
0.6055  0.2384 
0.6082  0.2384 
0.6110  0.2384 
0.6137  0.2208 
0.6164  0.2208 
0.6192  0.2208 
0.6219  0.2208 
0.6247  0.2208 
0.6274  0.2208 
0.6301  0.2208 
0.6329  0.2185 
0.6356  0.1766 
0.6384  0.1766 
0.6411  0.1766 
0.6438  0.1766 
0.6466  0.1766 
0.6493  0.1766 
0.6521  0.1766 
0.6548  0.1766 
0.6575  0.1766 
0.6603  0.1766 
0.6630  0.1766 
0.6658  0.1744 
0.6685  0.1722 
0.6712  0.1700 
0.6740  0.1567 
0.6767  0.1567 
0.6795  0.1567 
0.6822  0.1567 
0.6849  0.1567 
0.6877  0.1545 
0.6904  0.1523 
0.6932  0.1302 
0.6959  0.1302 
0.6986  0.1302 
0.7014  0.1302 
0.7041  0.1302 
0.7068  0.1302 
0.7096  0.1302 
0.7123  0.1302 
0.7151  0.1302 
0.7178  0.1038 
0.7205  0.0839 
0.7233  0.0839 
0.7260  0.0839 
0.7288  0.0839 
0.7315  0.0839 
0.7342  0.0839 
0.7370  0.0839 
0.7397  0.0839 
0.7425  0.0839 
0.7452  0.0839 
0.7479  0.0839 
0.7507  0.0839 
0.7534  0.0839 
0.7562  0.0839 
0.7589  0.0839 
0.7616  0.0839 
0.7644  0.0839 
0.7671  0.0839 
0.7699  0.0839 
0.7726  0.0839 
0.7753  0.0839 
0.7781  0.0839 
0.7808  0.0839 
0.7836  0.0839 
0.7863  0.0839 
0.7890  0.0839 
0.7918  0.0839 
0.7945  0.0839 
0.7973  0.0839 
0.8000  0.0839 
0.8027  0.0839 
0.8055  0.0839 
0.8082  0.0839 
0.8110  0.0839 
0.8137  0.0839 
0.8164  0.0839 
0.8192  0.0839 
0.8219  0.0839 
0.8247  0.0839 
0.8274  0.0839 
0.8301  0.0839 
0.8329  0.0839 
0.8356  0.0839 
0.8384  0.0839 
0.8411  0.0839 
0.8438  0.0839 
0.8466  0.0839 
0.8493  0.0839 
0.8521  0.0839 
0.8548  0.0839 
0.8575  0.0839 
0.8603  0.0839 
0.8630  0.0839 
0.8658  0.0839 
0.8685  0.0839 
0.8712  0.0839 
0.8740  0.0839 
0.8767  0.0839 
0.8795  0.0839 
0.8822  0.0839 
0.8849  0.0839 
0.8877  0.0839 
0.8904  0.0839 
0.8932  0.0839 
0.8959  0.0839 
0.8986  0.0817 
0.9014  0.0795 
0.9041  0.0773 
0.9068  0.0751 
0.9096  0.0728 
0.9123  0.0706 
0.9151  0.0684 
0.9178  0.0662 
0.9205  0.0640 
0.9233  0.0618 
0.9260  0.0596 
0.9288  0.0574 
0.9315  0.0552 
0.9342  0.0530 
0.9370  0.0508 
0.9397  0.0486 
0.9425  0.0464 
0.9452  0.0442 
0.9479  0.0419 
0.9507  0.0397 
0.9534  0.0375 
0.9562  0.0353 
0.9589  0.0331 
0.9616  0.0309 
0.9644  0.0287 
0.9671  0.0265 
0.9699  0.0243 
0.9726  0.0221 
0.9753  0.0199 
0.9781  0.0177 
0.9808  0.0155 
0.9836  0.0132 
0.9863  0.0110 
0.9890  0.0088 
0.9918  0.0066 
0.9945  0.0044 
0.9973  0.0022 
1.0000  0.0000 
