0.0000  1.0000 
0.0085  0.9879 
0.0169  0.9758 
0.0254  0.9636 
0.0339  0.9455 
0.0424  0.9394 
0.0508  0.9273 
0.0593  0.9030 
0.0678  0.9030 
0.0763  0.8909 
0.0847  0.8788 
0.0932  0.8606 
0.1017  0.8485 
0.1102  0.8485 
0.1186  0.8303 
0.1271  0.8182 
0.1356  0.8061 
0.1441  0.7758 
0.1525  0.7515 
0.1610  0.7515 
0.1695  0.7515 
0.1780  0.7394 
0.1864  0.7394 
0.1949  0.7394 
0.2034  0.7394 
0.2119  0.7333 
0.2203  0.7212 
0.2288  0.7152 
0.2373  0.7091 
0.2458  0.6667 
0.2542  0.6545 
0.2627  0.6545 
0.2712  0.6000 
0.2797  0.5879 
0.2881  0.5879 
0.2966  0.5879 
0.3051  0.5758 
0.3136  0.5758 
0.3220  0.5758 
0.3305  0.5697 
0.3390  0.5576 
0.3475  0.5394 
0.3559  0.5394 
0.3644  0.5333 
0.3729  0.5212 
0.3814  0.5152 
0.3898  0.5030 
0.3983  0.4848 
0.4068  0.4848 
0.4153  0.4848 
0.4237  0.4848 
0.4322  0.4667 
0.4407  0.4667 
0.4492  0.4606 
0.4576  0.4545 
0.4661  0.4485 
0.4746  0.4182 
0.4831  0.4061 
0.4915  0.4061 
0.5000  0.4061 
0.5085  0.3576 
0.5169  0.3576 
0.5254  0.3576 
0.5339  0.3333 
0.5424  0.3333 
0.5508  0.3333 
0.5593  0.3091 
0.5678  0.3091 
0.5763  0.3091 
0.5847  0.3091 
0.5932  0.3091 
0.6017  0.3091 
0.6102  0.3030 
0.6186  0.2788 
0.6271  0.2788 
0.6356  0.2788 
0.6441  0.2424 
0.6525  0.2424 
0.6610  0.2424 
0.6695  0.2424 
0.6780  0.2424 
0.6864  0.2364 
0.6949  0.2303 
0.7034  0.2121 
0.7119  0.2121 
0.7203  0.1697 
0.7288  0.1697 
0.7373  0.1697 
0.7458  0.1697 
0.7542  0.1697 
0.7627  0.1697 
0.7712  0.1636 
0.7797  0.1576 
0.7881  0.1515 
0.7966  0.1455 
0.8051  0.1394 
0.8136  0.1333 
0.8220  0.1273 
0.8305  0.1212 
0.8390  0.1152 
0.8475  0.1091 
0.8559  0.1030 
0.8644  0.0970 
0.8729  0.0909 
0.8814  0.0848 
0.8898  0.0788 
0.8983  0.0727 
0.9068  0.0667 
0.9153  0.0606 
0.9237  0.0545 
0.9322  0.0485 
0.9407  0.0424 
0.9492  0.0364 
0.9576  0.0303 
0.9661  0.0242 
0.9746  0.0182 
0.9831  0.0121 
0.9915  0.0061 
1.0000  0.0000 
