0.0000  1.0000 
0.0189  1.0000 
0.0377  1.0000 
0.0566  1.0000 
0.0755  0.9857 
0.0943  0.9571 
0.1132  0.9429 
0.1321  0.9143 
0.1509  0.8857 
0.1698  0.8571 
0.1887  0.8143 
0.2075  0.7429 
0.2264  0.7000 
0.2453  0.6714 
0.2642  0.6714 
0.2830  0.6714 
0.3019  0.6714 
0.3208  0.6714 
0.3396  0.6286 
0.3585  0.6000 
0.3774  0.6000 
0.3962  0.5571 
0.4151  0.4714 
0.4340  0.4714 
0.4528  0.4714 
0.4717  0.4429 
0.4906  0.4429 
0.5094  0.4429 
0.5283  0.3857 
0.5472  0.3571 
0.5660  0.3571 
0.5849  0.3571 
0.6038  0.3143 
0.6226  0.3143 
0.6415  0.3000 
0.6604  0.2714 
0.6792  0.2714 
0.6981  0.2714 
0.7170  0.2143 
0.7358  0.2143 
0.7547  0.2143 
0.7736  0.2000 
0.7925  0.1429 
0.8113  0.1429 
0.8302  0.1429 
0.8491  0.0714 
0.8679  0.0714 
0.8868  0.0714 
0.9057  0.0714 
0.9245  0.0571 
0.9434  0.0429 
0.9623  0.0286 
0.9811  0.0143 
1.0000  0.0000 
