0.0000  1.0000 
0.0164  0.9868 
0.0328  0.9737 
0.0492  0.9474 
0.0656  0.9342 
0.0820  0.9079 
0.0984  0.8947 
0.1148  0.8684 
0.1311  0.8553 
0.1475  0.8421 
0.1639  0.8289 
0.1803  0.8158 
0.1967  0.8026 
0.2131  0.7895 
0.2295  0.7763 
0.2459  0.7632 
0.2623  0.7368 
0.2787  0.7237 
0.2951  0.7105 
0.3115  0.6974 
0.3279  0.6842 
0.3443  0.6711 
0.3607  0.6053 
0.3770  0.5921 
0.3934  0.5526 
0.4098  0.5395 
0.4262  0.5263 
0.4426  0.5132 
0.4590  0.5000 
0.4754  0.4868 
0.4918  0.4605 
0.5082  0.4474 
0.5246  0.4474 
0.5410  0.4211 
0.5574  0.4079 
0.5738  0.3947 
0.5902  0.3553 
0.6066  0.2895 
0.6230  0.2632 
0.6393  0.2500 
0.6557  0.2237 
0.6721  0.1579 
0.6885  0.1579 
0.7049  0.1447 
0.7213  0.1316 
0.7377  0.1184 
0.7541  0.1053 
0.7705  0.0921 
0.7869  0.0921 
0.8033  0.0921 
0.8197  0.0921 
0.8361  0.0921 
0.8525  0.0921 
0.8689  0.0789 
0.8852  0.0789 
0.9016  0.0658 
0.9180  0.0526 
0.9344  0.0395 
0.9508  0.0395 
0.9672  0.0263 
0.9836  0.0132 
1.0000  0.0000 
