0.0000  1.0000 
0.0085  0.9929 
0.0169  0.9786 
0.0254  0.9714 
0.0339  0.9643 
0.0424  0.9500 
0.0508  0.9429 
0.0593  0.9286 
0.0678  0.9071 
0.0763  0.9071 
0.0847  0.9000 
0.0932  0.8929 
0.1017  0.8714 
0.1102  0.8714 
0.1186  0.8500 
0.1271  0.8500 
0.1356  0.8429 
0.1441  0.8357 
0.1525  0.8214 
0.1610  0.7857 
0.1695  0.7714 
0.1780  0.7643 
0.1864  0.7429 
0.1949  0.7429 
0.2034  0.7429 
0.2119  0.7429 
0.2203  0.7429 
0.2288  0.7357 
0.2373  0.7071 
0.2458  0.7071 
0.2542  0.7071 
0.2627  0.6714 
0.2712  0.6714 
0.2797  0.6714 
0.2881  0.6714 
0.2966  0.6286 
0.3051  0.6214 
0.3136  0.6143 
0.3220  0.6071 
0.3305  0.5929 
0.3390  0.5929 
0.3475  0.5929 
0.3559  0.5929 
0.3644  0.5929 
0.3729  0.5500 
0.3814  0.5500 
0.3898  0.5500 
0.3983  0.5500 
0.4068  0.5500 
0.4153  0.5429 
0.4237  0.5357 
0.4322  0.5286 
0.4407  0.5071 
0.4492  0.5071 
0.4576  0.5000 
0.4661  0.4929 
0.4746  0.4500 
0.4831  0.4500 
0.4915  0.4500 
0.5000  0.4500 
0.5085  0.4500 
0.5169  0.4429 
0.5254  0.3929 
0.5339  0.3929 
0.5424  0.3929 
0.5508  0.3929 
0.5593  0.3929 
0.5678  0.3929 
0.5763  0.2286 
0.5847  0.2286 
0.5932  0.2286 
0.6017  0.2286 
0.6102  0.2286 
0.6186  0.2286 
0.6271  0.2286 
0.6356  0.2286 
0.6441  0.1643 
0.6525  0.1643 
0.6610  0.1643 
0.6695  0.1643 
0.6780  0.1643 
0.6864  0.1643 
0.6949  0.1643 
0.7034  0.1643 
0.7119  0.1000 
0.7203  0.1000 
0.7288  0.1000 
0.7373  0.1000 
0.7458  0.1000 
0.7542  0.1000 
0.7627  0.1000 
0.7712  0.1000 
0.7797  0.1000 
0.7881  0.1000 
0.7966  0.1000 
0.8051  0.1000 
0.8136  0.1000 
0.8220  0.1000 
0.8305  0.1000 
0.8390  0.1000 
0.8475  0.1000 
0.8559  0.1000 
0.8644  0.1000 
0.8729  0.1000 
0.8814  0.1000 
0.8898  0.0929 
0.8983  0.0857 
0.9068  0.0786 
0.9153  0.0714 
0.9237  0.0643 
0.9322  0.0571 
0.9407  0.0500 
0.9492  0.0429 
0.9576  0.0357 
0.9661  0.0286 
0.9746  0.0214 
0.9831  0.0143 
0.9915  0.0071 
1.0000  0.0000 
