0.0000  1.0000 
0.0278  0.9792 
0.0556  0.8958 
0.0833  0.8750 
0.1111  0.8125 
0.1389  0.7917 
0.1667  0.7708 
0.1944  0.7292 
0.2222  0.7083 
0.2500  0.6250 
0.2778  0.6042 
0.3056  0.5833 
0.3333  0.5208 
0.3611  0.5000 
0.3889  0.3958 
0.4167  0.3958 
0.4444  0.3750 
0.4722  0.3542 
0.5000  0.3333 
0.5278  0.2500 
0.5556  0.2500 
0.5833  0.2292 
0.6111  0.1250 
0.6389  0.1042 
0.6667  0.0833 
0.6944  0.0833 
0.7222  0.0833 
0.7500  0.0833 
0.7778  0.0833 
0.8056  0.0833 
0.8333  0.0833 
0.8611  0.0833 
0.8889  0.0833 
0.9167  0.0625 
0.9444  0.0417 
0.9722  0.0208 
1.0000  0.0000 
