0.0000  1.0000 
0.0099  0.9762 
0.0198  0.9345 
0.0297  0.9107 
0.0396  0.8869 
0.0495  0.8571 
0.0594  0.8571 
0.0693  0.8452 
0.0792  0.8274 
0.0891  0.8095 
0.0990  0.7976 
0.1089  0.7857 
0.1188  0.7738 
0.1287  0.7619 
0.1386  0.7500 
0.1485  0.6548 
0.1584  0.6429 
0.1683  0.6310 
0.1782  0.6190 
0.1881  0.6071 
0.1980  0.5952 
0.2079  0.5952 
0.2178  0.5833 
0.2277  0.5714 
0.2376  0.5595 
0.2475  0.5595 
0.2574  0.5179 
0.2673  0.5179 
0.2772  0.4940 
0.2871  0.4821 
0.2970  0.4702 
0.3069  0.4464 
0.3168  0.4464 
0.3267  0.4048 
0.3366  0.4048 
0.3465  0.4048 
0.3564  0.4048 
0.3663  0.3036 
0.3762  0.2917 
0.3861  0.2917 
0.3960  0.2857 
0.4059  0.2738 
0.4158  0.2619 
0.4257  0.2440 
0.4356  0.2321 
0.4455  0.2321 
0.4554  0.2143 
0.4653  0.2143 
0.4752  0.2083 
0.4851  0.1964 
0.4950  0.1964 
0.5050  0.1964 
0.5149  0.1964 
0.5248  0.1964 
0.5347  0.1964 
0.5446  0.1964 
0.5545  0.1786 
0.5644  0.1786 
0.5743  0.1786 
0.5842  0.1786 
0.5941  0.1607 
0.6040  0.1607 
0.6139  0.1607 
0.6238  0.1607 
0.6337  0.1548 
0.6436  0.1429 
0.6535  0.1190 
0.6634  0.1190 
0.6733  0.1190 
0.6832  0.1012 
0.6931  0.1012 
0.7030  0.0952 
0.7129  0.0774 
0.7228  0.0774 
0.7327  0.0774 
0.7426  0.0774 
0.7525  0.0774 
0.7624  0.0536 
0.7723  0.0536 
0.7822  0.0536 
0.7921  0.0536 
0.8020  0.0536 
0.8119  0.0536 
0.8218  0.0536 
0.8317  0.0536 
0.8416  0.0536 
0.8515  0.0476 
0.8614  0.0298 
0.8713  0.0298 
0.8812  0.0298 
0.8911  0.0298 
0.9010  0.0298 
0.9109  0.0298 
0.9208  0.0298 
0.9307  0.0298 
0.9406  0.0298 
0.9505  0.0298 
0.9604  0.0238 
0.9703  0.0179 
0.9802  0.0119 
0.9901  0.0060 
1.0000  0.0000 
