0.0000  1.0000 
0.0286  0.9565 
0.0571  0.9348 
0.0857  0.9130 
0.1143  0.8913 
0.1429  0.8696 
0.1714  0.8478 
0.2000  0.8261 
0.2286  0.4783 
0.2571  0.4783 
0.2857  0.4565 
0.3143  0.3696 
0.3429  0.3696 
0.3714  0.2174 
0.4000  0.2174 
0.4286  0.2174 
0.4571  0.2174 
0.4857  0.2174 
0.5143  0.2174 
0.5429  0.2174 
0.5714  0.1957 
0.6000  0.1739 
0.6286  0.1522 
0.6571  0.1304 
0.6857  0.1087 
0.7143  0.0870 
0.7429  0.0870 
0.7714  0.0870 
0.8000  0.0870 
0.8286  0.0870 
0.8571  0.0652 
0.8857  0.0435 
0.9143  0.0435 
0.9429  0.0435 
0.9714  0.0217 
1.0000  0.0000 
