0.0000  1.0000 
0.0189  0.9855 
0.0377  0.9710 
0.0566  0.9420 
0.0755  0.9130 
0.0943  0.8986 
0.1132  0.8841 
0.1321  0.8696 
0.1509  0.8551 
0.1698  0.8406 
0.1887  0.5652 
0.2075  0.5072 
0.2264  0.2899 
0.2453  0.2609 
0.2642  0.2609 
0.2830  0.2029 
0.3019  0.2029 
0.3208  0.1739 
0.3396  0.1739 
0.3585  0.1739 
0.3774  0.1739 
0.3962  0.1739 
0.4151  0.1739 
0.4340  0.0870 
0.4528  0.0725 
0.4717  0.0725 
0.4906  0.0725 
0.5094  0.0580 
0.5283  0.0580 
0.5472  0.0580 
0.5660  0.0580 
0.5849  0.0580 
0.6038  0.0435 
0.6226  0.0435 
0.6415  0.0435 
0.6604  0.0435 
0.6792  0.0435 
0.6981  0.0435 
0.7170  0.0435 
0.7358  0.0435 
0.7547  0.0435 
0.7736  0.0435 
0.7925  0.0435 
0.8113  0.0435 
0.8302  0.0435 
0.8491  0.0435 
0.8679  0.0435 
0.8868  0.0435 
0.9057  0.0435 
0.9245  0.0290 
0.9434  0.0290 
0.9623  0.0290 
0.9811  0.0145 
1.0000  0.0000 
