0.0000  1.0000 
0.0031  0.9927 
0.0063  0.9854 
0.0094  0.9780 
0.0126  0.9732 
0.0157  0.9634 
0.0189  0.9585 
0.0220  0.9488 
0.0252  0.9439 
0.0283  0.9390 
0.0314  0.9341 
0.0346  0.9293 
0.0377  0.9244 
0.0409  0.9195 
0.0440  0.9171 
0.0472  0.9122 
0.0503  0.9073 
0.0535  0.9024 
0.0566  0.8976 
0.0597  0.8927 
0.0629  0.8927 
0.0660  0.8927 
0.0692  0.8927 
0.0723  0.8927 
0.0755  0.8878 
0.0786  0.8829 
0.0818  0.8780 
0.0849  0.8707 
0.0881  0.8659 
0.0912  0.8537 
0.0943  0.8488 
0.0975  0.8439 
0.1006  0.8415 
0.1038  0.8415 
0.1069  0.8317 
0.1101  0.8293 
0.1132  0.8220 
0.1164  0.8098 
0.1195  0.8049 
0.1226  0.8049 
0.1258  0.8000 
0.1289  0.7951 
0.1321  0.7951 
0.1352  0.7902 
0.1384  0.7854 
0.1415  0.7854 
0.1447  0.7854 
0.1478  0.7805 
0.1509  0.7780 
0.1541  0.7732 
0.1572  0.7683 
0.1604  0.7634 
0.1635  0.7512 
0.1667  0.7390 
0.1698  0.7390 
0.1730  0.7390 
0.1761  0.7390 
0.1792  0.7390 
0.1824  0.7317 
0.1855  0.7317 
0.1887  0.7293 
0.1918  0.7146 
0.1950  0.7122 
0.1981  0.7073 
0.2013  0.6976 
0.2044  0.6927 
0.2075  0.6927 
0.2107  0.6927 
0.2138  0.6878 
0.2170  0.6854 
0.2201  0.6780 
0.2233  0.6780 
0.2264  0.6780 
0.2296  0.6780 
0.2327  0.6732 
0.2358  0.6732 
0.2390  0.6732 
0.2421  0.6683 
0.2453  0.6659 
0.2484  0.6610 
0.2516  0.6585 
0.2547  0.6415 
0.2579  0.6415 
0.2610  0.6366 
0.2642  0.6341 
0.2673  0.6293 
0.2704  0.6220 
0.2736  0.6220 
0.2767  0.6220 
0.2799  0.6220 
0.2830  0.6220 
0.2862  0.6146 
0.2893  0.6146 
0.2925  0.6146 
0.2956  0.6073 
0.2987  0.6073 
0.3019  0.6049 
0.3050  0.6000 
0.3082  0.5927 
0.3113  0.5927 
0.3145  0.5829 
0.3176  0.5805 
0.3208  0.5780 
0.3239  0.5780 
0.3270  0.5780 
0.3302  0.5780 
0.3333  0.5756 
0.3365  0.5732 
0.3396  0.5732 
0.3428  0.5732 
0.3459  0.5683 
0.3491  0.5659 
0.3522  0.5512 
0.3553  0.5439 
0.3585  0.5439 
0.3616  0.5390 
0.3648  0.5317 
0.3679  0.5317 
0.3711  0.5293 
0.3742  0.5268 
0.3774  0.5244 
0.3805  0.5146 
0.3836  0.5146 
0.3868  0.5146 
0.3899  0.5122 
0.3931  0.5073 
0.3962  0.4976 
0.3994  0.4854 
0.4025  0.4854 
0.4057  0.4854 
0.4088  0.4854 
0.4119  0.4829 
0.4151  0.4732 
0.4182  0.4732 
0.4214  0.4732 
0.4245  0.4707 
0.4277  0.4610 
0.4308  0.4610 
0.4340  0.4610 
0.4371  0.4610 
0.4403  0.4610 
0.4434  0.4585 
0.4465  0.4561 
0.4497  0.4561 
0.4528  0.4561 
0.4560  0.4561 
0.4591  0.4561 
0.4623  0.4537 
0.4654  0.4488 
0.4686  0.4463 
0.4717  0.4463 
0.4748  0.4244 
0.4780  0.4244 
0.4811  0.4244 
0.4843  0.4220 
0.4874  0.4195 
0.4906  0.4073 
0.4937  0.4073 
0.4969  0.4073 
0.5000  0.4073 
0.5031  0.4000 
0.5063  0.4000 
0.5094  0.4000 
0.5126  0.4000 
0.5157  0.4000 
0.5189  0.3854 
0.5220  0.3854 
0.5252  0.3854 
0.5283  0.3854 
0.5314  0.3854 
0.5346  0.3829 
0.5377  0.3829 
0.5409  0.3829 
0.5440  0.3829 
0.5472  0.3829 
0.5503  0.3805 
0.5535  0.3780 
0.5566  0.3756 
0.5597  0.3634 
0.5629  0.3634 
0.5660  0.3634 
0.5692  0.3634 
0.5723  0.3610 
0.5755  0.3585 
0.5786  0.3488 
0.5818  0.3488 
0.5849  0.3488 
0.5881  0.3415 
0.5912  0.3415 
0.5943  0.3244 
0.5975  0.3244 
0.6006  0.3244 
0.6038  0.3244 
0.6069  0.3244 
0.6101  0.3244 
0.6132  0.3220 
0.6164  0.3073 
0.6195  0.3073 
0.6226  0.3073 
0.6258  0.3073 
0.6289  0.3073 
0.6321  0.3049 
0.6352  0.3024 
0.6384  0.3000 
0.6415  0.2829 
0.6447  0.2829 
0.6478  0.2829 
0.6509  0.2829 
0.6541  0.2829 
0.6572  0.2829 
0.6604  0.2634 
0.6635  0.2634 
0.6667  0.2634 
0.6698  0.2634 
0.6730  0.2634 
0.6761  0.2634 
0.6792  0.2634 
0.6824  0.2610 
0.6855  0.2439 
0.6887  0.2439 
0.6918  0.2439 
0.6950  0.2415 
0.6981  0.2390 
0.7013  0.2366 
0.7044  0.2268 
0.7075  0.2268 
0.7107  0.2268 
0.7138  0.2244 
0.7170  0.2098 
0.7201  0.2098 
0.7233  0.2098 
0.7264  0.2098 
0.7296  0.2098 
0.7327  0.2098 
0.7358  0.2098 
0.7390  0.2098 
0.7421  0.1780 
0.7453  0.1780 
0.7484  0.1780 
0.7516  0.1780 
0.7547  0.1780 
0.7579  0.1780 
0.7610  0.1780 
0.7642  0.1780 
0.7673  0.1780 
0.7704  0.1780 
0.7736  0.1780 
0.7767  0.1780 
0.7799  0.1756 
0.7830  0.1732 
0.7862  0.1707 
0.7893  0.1439 
0.7925  0.1439 
0.7956  0.1439 
0.7987  0.1439 
0.8019  0.1439 
0.8050  0.1439 
0.8082  0.1439 
0.8113  0.1439 
0.8145  0.1439 
0.8176  0.1439 
0.8208  0.1415 
0.8239  0.1390 
0.8270  0.1366 
0.8302  0.1341 
0.8333  0.1317 
0.8365  0.1293 
0.8396  0.1268 
0.8428  0.1244 
0.8459  0.0902 
0.8491  0.0902 
0.8522  0.0902 
0.8553  0.0902 
0.8585  0.0902 
0.8616  0.0902 
0.8648  0.0902 
0.8679  0.0902 
0.8711  0.0902 
0.8742  0.0902 
0.8774  0.0902 
0.8805  0.0902 
0.8836  0.0902 
0.8868  0.0878 
0.8899  0.0854 
0.8931  0.0829 
0.8962  0.0805 
0.8994  0.0780 
0.9025  0.0756 
0.9057  0.0732 
0.9088  0.0707 
0.9119  0.0683 
0.9151  0.0659 
0.9182  0.0634 
0.9214  0.0610 
0.9245  0.0585 
0.9277  0.0561 
0.9308  0.0537 
0.9340  0.0512 
0.9371  0.0488 
0.9403  0.0463 
0.9434  0.0439 
0.9465  0.0415 
0.9497  0.0390 
0.9528  0.0366 
0.9560  0.0341 
0.9591  0.0317 
0.9623  0.0293 
0.9654  0.0268 
0.9686  0.0244 
0.9717  0.0220 
0.9748  0.0195 
0.9780  0.0171 
0.9811  0.0146 
0.9843  0.0122 
0.9874  0.0098 
0.9906  0.0073 
0.9937  0.0049 
0.9969  0.0024 
1.0000  0.0000 
