0.0000  1.0000 
0.0078  0.9933 
0.0156  0.9800 
0.0234  0.9733 
0.0312  0.9533 
0.0391  0.9467 
0.0469  0.9400 
0.0547  0.9333 
0.0625  0.9267 
0.0703  0.9200 
0.0781  0.9133 
0.0859  0.9067 
0.0938  0.9000 
0.1016  0.8867 
0.1094  0.8600 
0.1172  0.8400 
0.1250  0.8333 
0.1328  0.8267 
0.1406  0.8200 
0.1484  0.8133 
0.1562  0.8067 
0.1641  0.8000 
0.1719  0.7933 
0.1797  0.7867 
0.1875  0.7800 
0.1953  0.7733 
0.2031  0.7667 
0.2109  0.7467 
0.2188  0.6933 
0.2266  0.6867 
0.2344  0.6800 
0.2422  0.6667 
0.2500  0.6600 
0.2578  0.6533 
0.2656  0.6467 
0.2734  0.6400 
0.2812  0.6333 
0.2891  0.6267 
0.2969  0.6200 
0.3047  0.6133 
0.3125  0.6067 
0.3203  0.6000 
0.3281  0.5933 
0.3359  0.5867 
0.3438  0.5800 
0.3516  0.5533 
0.3594  0.5467 
0.3672  0.4667 
0.3750  0.4200 
0.3828  0.4200 
0.3906  0.4067 
0.3984  0.4000 
0.4062  0.3933 
0.4141  0.3867 
0.4219  0.3800 
0.4297  0.1933 
0.4375  0.1800 
0.4453  0.1467 
0.4531  0.1400 
0.4609  0.1400 
0.4688  0.1400 
0.4766  0.1400 
0.4844  0.1400 
0.4922  0.1400 
0.5000  0.1400 
0.5078  0.1400 
0.5156  0.1400 
0.5234  0.1400 
0.5312  0.1400 
0.5391  0.1400 
0.5469  0.1400 
0.5547  0.1400 
0.5625  0.1400 
0.5703  0.1400 
0.5781  0.1400 
0.5859  0.1400 
0.5938  0.1400 
0.6016  0.1400 
0.6094  0.1400 
0.6172  0.1400 
0.6250  0.1400 
0.6328  0.1400 
0.6406  0.1400 
0.6484  0.1400 
0.6562  0.1400 
0.6641  0.1400 
0.6719  0.1400 
0.6797  0.1333 
0.6875  0.1267 
0.6953  0.1200 
0.7031  0.1133 
0.7109  0.1067 
0.7188  0.1000 
0.7266  0.0933 
0.7344  0.0867 
0.7422  0.0800 
0.7500  0.0733 
0.7578  0.0667 
0.7656  0.0600 
0.7734  0.0533 
0.7812  0.0467 
0.7891  0.0400 
0.7969  0.0400 
0.8047  0.0400 
0.8125  0.0400 
0.8203  0.0400 
0.8281  0.0400 
0.8359  0.0400 
0.8438  0.0400 
0.8516  0.0400 
0.8594  0.0400 
0.8672  0.0400 
0.8750  0.0400 
0.8828  0.0400 
0.8906  0.0400 
0.8984  0.0400 
0.9062  0.0333 
0.9141  0.0333 
0.9219  0.0333 
0.9297  0.0333 
0.9375  0.0333 
0.9453  0.0333 
0.9531  0.0267 
0.9609  0.0200 
0.9688  0.0200 
0.9766  0.0200 
0.9844  0.0133 
0.9922  0.0067 
1.0000  0.0000 
