0.0000  1.0000 
0.0054  0.9951 
0.0108  0.9902 
0.0161  0.9853 
0.0215  0.9804 
0.0269  0.9706 
0.0323  0.9657 
0.0376  0.9608 
0.0430  0.9559 
0.0484  0.9510 
0.0538  0.9461 
0.0591  0.9412 
0.0645  0.9363 
0.0699  0.9314 
0.0753  0.9265 
0.0806  0.9216 
0.0860  0.9167 
0.0914  0.9118 
0.0968  0.9069 
0.1022  0.9020 
0.1075  0.8775 
0.1129  0.8725 
0.1183  0.8676 
0.1237  0.8627 
0.1290  0.8578 
0.1344  0.8529 
0.1398  0.8480 
0.1452  0.8431 
0.1505  0.8382 
0.1559  0.8284 
0.1613  0.8235 
0.1667  0.8186 
0.1720  0.8137 
0.1774  0.8088 
0.1828  0.8039 
0.1882  0.7990 
0.1935  0.7941 
0.1989  0.7892 
0.2043  0.7843 
0.2097  0.7794 
0.2151  0.7745 
0.2204  0.7696 
0.2258  0.7647 
0.2312  0.7598 
0.2366  0.7549 
0.2419  0.7500 
0.2473  0.7451 
0.2527  0.7402 
0.2581  0.7353 
0.2634  0.7304 
0.2688  0.7255 
0.2742  0.7206 
0.2796  0.7157 
0.2849  0.7108 
0.2903  0.7059 
0.2957  0.7010 
0.3011  0.6961 
0.3065  0.6912 
0.3118  0.6814 
0.3172  0.6765 
0.3226  0.6716 
0.3280  0.6667 
0.3333  0.6618 
0.3387  0.6569 
0.3441  0.6520 
0.3495  0.4657 
0.3548  0.4608 
0.3602  0.4608 
0.3656  0.4608 
0.3710  0.3431 
0.3763  0.3431 
0.3817  0.3382 
0.3871  0.3333 
0.3925  0.2941 
0.3978  0.2843 
0.4032  0.1765 
0.4086  0.1765 
0.4140  0.1765 
0.4194  0.1765 
0.4247  0.1765 
0.4301  0.1765 
0.4355  0.1765 
0.4409  0.1765 
0.4462  0.1765 
0.4516  0.1765 
0.4570  0.1765 
0.4624  0.1765 
0.4677  0.1765 
0.4731  0.1765 
0.4785  0.1765 
0.4839  0.1765 
0.4892  0.1765 
0.4946  0.1765 
0.5000  0.1765 
0.5054  0.1765 
0.5108  0.1765 
0.5161  0.1765 
0.5215  0.1765 
0.5269  0.1765 
0.5323  0.1765 
0.5376  0.1765 
0.5430  0.1765 
0.5484  0.1765 
0.5538  0.1765 
0.5591  0.1716 
0.5645  0.1569 
0.5699  0.1520 
0.5753  0.1471 
0.5806  0.1422 
0.5860  0.1373 
0.5914  0.1324 
0.5968  0.1275 
0.6022  0.1225 
0.6075  0.1176 
0.6129  0.1127 
0.6183  0.1078 
0.6237  0.1029 
0.6290  0.0980 
0.6344  0.0931 
0.6398  0.0931 
0.6452  0.0931 
0.6505  0.0931 
0.6559  0.0931 
0.6613  0.0931 
0.6667  0.0931 
0.6720  0.0931 
0.6774  0.0931 
0.6828  0.0931 
0.6882  0.0931 
0.6935  0.0931 
0.6989  0.0931 
0.7043  0.0931 
0.7097  0.0931 
0.7151  0.0931 
0.7204  0.0931 
0.7258  0.0931 
0.7312  0.0931 
0.7366  0.0833 
0.7419  0.0784 
0.7473  0.0735 
0.7527  0.0686 
0.7581  0.0637 
0.7634  0.0588 
0.7688  0.0539 
0.7742  0.0539 
0.7796  0.0539 
0.7849  0.0539 
0.7903  0.0539 
0.7957  0.0539 
0.8011  0.0539 
0.8065  0.0539 
0.8118  0.0539 
0.8172  0.0539 
0.8226  0.0539 
0.8280  0.0539 
0.8333  0.0490 
0.8387  0.0441 
0.8441  0.0392 
0.8495  0.0343 
0.8548  0.0343 
0.8602  0.0343 
0.8656  0.0343 
0.8710  0.0343 
0.8763  0.0343 
0.8817  0.0343 
0.8871  0.0343 
0.8925  0.0343 
0.8978  0.0343 
0.9032  0.0343 
0.9086  0.0343 
0.9140  0.0343 
0.9194  0.0343 
0.9247  0.0343 
0.9301  0.0343 
0.9355  0.0343 
0.9409  0.0196 
0.9462  0.0196 
0.9516  0.0196 
0.9570  0.0196 
0.9624  0.0196 
0.9677  0.0147 
0.9731  0.0098 
0.9785  0.0098 
0.9839  0.0098 
0.9892  0.0098 
0.9946  0.0049 
1.0000  0.0000 
