0.0000  1.0000 
0.0222  0.9846 
0.0444  0.9692 
0.0667  0.9538 
0.0889  0.9385 
0.1111  0.5231 
0.1333  0.5231 
0.1556  0.5231 
0.1778  0.5231 
0.2000  0.5231 
0.2222  0.5231 
0.2444  0.5231 
0.2667  0.5231 
0.2889  0.5231 
0.3111  0.5231 
0.3333  0.5231 
0.3556  0.5231 
0.3778  0.5231 
0.4000  0.5231 
0.4222  0.5231 
0.4444  0.5231 
0.4667  0.5077 
0.4889  0.4923 
0.5111  0.4769 
0.5333  0.4308 
0.5556  0.3538 
0.5778  0.2769 
0.6000  0.2769 
0.6222  0.2769 
0.6444  0.2769 
0.6667  0.1385 
0.6889  0.1385 
0.7111  0.1385 
0.7333  0.1385 
0.7556  0.1077 
0.7778  0.1077 
0.8000  0.0769 
0.8222  0.0769 
0.8444  0.0769 
0.8667  0.0769 
0.8889  0.0462 
0.9111  0.0462 
0.9333  0.0462 
0.9556  0.0462 
0.9778  0.0154 
1.0000  0.0000 
