0.0000  1.0000 
0.0139  1.0000 
0.0278  0.9770 
0.0417  0.9540 
0.0556  0.9310 
0.0694  0.9195 
0.0833  0.8851 
0.0972  0.8851 
0.1111  0.8621 
0.1250  0.8506 
0.1389  0.8276 
0.1528  0.8046 
0.1667  0.7701 
0.1806  0.7701 
0.1944  0.7356 
0.2083  0.7011 
0.2222  0.7011 
0.2361  0.6782 
0.2500  0.6782 
0.2639  0.6667 
0.2778  0.6322 
0.2917  0.6322 
0.3056  0.6207 
0.3194  0.5862 
0.3333  0.5862 
0.3472  0.5747 
0.3611  0.5632 
0.3750  0.5287 
0.3889  0.5287 
0.4028  0.5172 
0.4167  0.4368 
0.4306  0.4368 
0.4444  0.4368 
0.4583  0.4368 
0.4722  0.4368 
0.4861  0.4368 
0.5000  0.4253 
0.5139  0.4138 
0.5278  0.4023 
0.5417  0.3908 
0.5556  0.3793 
0.5694  0.2069 
0.5833  0.2069 
0.5972  0.2069 
0.6111  0.2069 
0.6250  0.2069 
0.6389  0.2069 
0.6528  0.2069 
0.6667  0.2069 
0.6806  0.2069 
0.6944  0.2069 
0.7083  0.2069 
0.7222  0.2069 
0.7361  0.2069 
0.7500  0.2069 
0.7639  0.1954 
0.7778  0.1839 
0.7917  0.1724 
0.8056  0.1609 
0.8194  0.1494 
0.8333  0.1379 
0.8472  0.1264 
0.8611  0.1149 
0.8750  0.1034 
0.8889  0.0920 
0.9028  0.0805 
0.9167  0.0690 
0.9306  0.0575 
0.9444  0.0460 
0.9583  0.0345 
0.9722  0.0230 
0.9861  0.0115 
1.0000  0.0000 
