0.0000  1.0000 
0.0051  0.9839 
0.0103  0.9719 
0.0154  0.9639 
0.0205  0.9438 
0.0256  0.9357 
0.0308  0.9357 
0.0359  0.9277 
0.0410  0.9197 
0.0462  0.9116 
0.0513  0.9036 
0.0564  0.9036 
0.0615  0.9036 
0.0667  0.9036 
0.0718  0.8956 
0.0769  0.8835 
0.0821  0.8594 
0.0872  0.8594 
0.0923  0.8273 
0.0974  0.8273 
0.1026  0.8273 
0.1077  0.8273 
0.1128  0.8273 
0.1179  0.8233 
0.1231  0.8153 
0.1282  0.8112 
0.1333  0.8072 
0.1385  0.8032 
0.1436  0.7992 
0.1487  0.7912 
0.1538  0.7791 
0.1590  0.7791 
0.1641  0.7751 
0.1692  0.7671 
0.1744  0.7590 
0.1795  0.7470 
0.1846  0.7470 
0.1897  0.7390 
0.1949  0.7309 
0.2000  0.7189 
0.2051  0.7189 
0.2103  0.7149 
0.2154  0.7108 
0.2205  0.7068 
0.2256  0.7028 
0.2308  0.6988 
0.2359  0.6948 
0.2410  0.6908 
0.2462  0.6827 
0.2513  0.6707 
0.2564  0.6707 
0.2615  0.6627 
0.2667  0.6546 
0.2718  0.6506 
0.2769  0.6386 
0.2821  0.6386 
0.2872  0.6386 
0.2923  0.6386 
0.2974  0.6386 
0.3026  0.6345 
0.3077  0.6305 
0.3128  0.6265 
0.3179  0.6225 
0.3231  0.6185 
0.3282  0.6104 
0.3333  0.5944 
0.3385  0.5944 
0.3436  0.5944 
0.3487  0.5783 
0.3538  0.5783 
0.3590  0.5783 
0.3641  0.5743 
0.3692  0.5703 
0.3744  0.5663 
0.3795  0.5622 
0.3846  0.5341 
0.3897  0.5301 
0.3949  0.5181 
0.4000  0.5181 
0.4051  0.4980 
0.4103  0.4980 
0.4154  0.4980 
0.4205  0.4980 
0.4256  0.4980 
0.4308  0.4980 
0.4359  0.4980 
0.4410  0.4980 
0.4462  0.4940 
0.4513  0.4779 
0.4564  0.4779 
0.4615  0.4779 
0.4667  0.4739 
0.4718  0.4699 
0.4769  0.4659 
0.4821  0.4618 
0.4872  0.4578 
0.4923  0.4498 
0.4974  0.4458 
0.5026  0.4257 
0.5077  0.4096 
0.5128  0.4096 
0.5179  0.4096 
0.5231  0.4056 
0.5282  0.3855 
0.5333  0.3855 
0.5385  0.3855 
0.5436  0.3855 
0.5487  0.3855 
0.5538  0.3855 
0.5590  0.3855 
0.5641  0.3815 
0.5692  0.3775 
0.5744  0.3534 
0.5795  0.3494 
0.5846  0.3454 
0.5897  0.3414 
0.5949  0.3213 
0.6000  0.3173 
0.6051  0.3173 
0.6103  0.3173 
0.6154  0.3173 
0.6205  0.3173 
0.6256  0.3133 
0.6308  0.3012 
0.6359  0.3012 
0.6410  0.3012 
0.6462  0.3012 
0.6513  0.3012 
0.6564  0.2972 
0.6615  0.2731 
0.6667  0.2490 
0.6718  0.2490 
0.6769  0.2490 
0.6821  0.2490 
0.6872  0.2490 
0.6923  0.2490 
0.6974  0.2490 
0.7026  0.2490 
0.7077  0.2490 
0.7128  0.2450 
0.7179  0.2410 
0.7231  0.2369 
0.7282  0.2329 
0.7333  0.2289 
0.7385  0.2088 
0.7436  0.2088 
0.7487  0.2088 
0.7538  0.2088 
0.7590  0.2048 
0.7641  0.2008 
0.7692  0.1968 
0.7744  0.1807 
0.7795  0.1807 
0.7846  0.1807 
0.7897  0.1767 
0.7949  0.1727 
0.8000  0.1325 
0.8051  0.1285 
0.8103  0.1245 
0.8154  0.0964 
0.8205  0.0964 
0.8256  0.0964 
0.8308  0.0964 
0.8359  0.0964 
0.8410  0.0964 
0.8462  0.0964 
0.8513  0.0964 
0.8564  0.0964 
0.8615  0.0964 
0.8667  0.0964 
0.8718  0.0964 
0.8769  0.0964 
0.8821  0.0964 
0.8872  0.0924 
0.8923  0.0884 
0.8974  0.0843 
0.9026  0.0482 
0.9077  0.0482 
0.9128  0.0482 
0.9179  0.0482 
0.9231  0.0482 
0.9282  0.0482 
0.9333  0.0482 
0.9385  0.0482 
0.9436  0.0442 
0.9487  0.0402 
0.9538  0.0361 
0.9590  0.0321 
0.9641  0.0281 
0.9692  0.0241 
0.9744  0.0201 
0.9795  0.0161 
0.9846  0.0120 
0.9897  0.0080 
0.9949  0.0040 
1.0000  0.0000 
