0.0000  1.0000 
0.0118  0.9746 
0.0235  0.9407 
0.0353  0.9407 
0.0471  0.9153 
0.0588  0.8983 
0.0706  0.8814 
0.0824  0.8814 
0.0941  0.8814 
0.1059  0.8729 
0.1176  0.8475 
0.1294  0.8305 
0.1412  0.8136 
0.1529  0.7966 
0.1647  0.7966 
0.1765  0.7797 
0.1882  0.7712 
0.2000  0.7542 
0.2118  0.7288 
0.2235  0.7034 
0.2353  0.7034 
0.2471  0.7034 
0.2588  0.6780 
0.2706  0.6780 
0.2824  0.6525 
0.2941  0.6525 
0.3059  0.6441 
0.3176  0.6356 
0.3294  0.6186 
0.3412  0.6102 
0.3529  0.5932 
0.3647  0.5847 
0.3765  0.5508 
0.3882  0.5424 
0.4000  0.5424 
0.4118  0.5424 
0.4235  0.5254 
0.4353  0.5169 
0.4471  0.5000 
0.4588  0.4915 
0.4706  0.4746 
0.4824  0.4661 
0.4941  0.4492 
0.5059  0.4407 
0.5176  0.4322 
0.5294  0.3305 
0.5412  0.3220 
0.5529  0.3051 
0.5647  0.3051 
0.5765  0.3051 
0.5882  0.3051 
0.6000  0.2966 
0.6118  0.2966 
0.6235  0.2966 
0.6353  0.2966 
0.6471  0.2881 
0.6588  0.2797 
0.6706  0.2542 
0.6824  0.2542 
0.6941  0.2203 
0.7059  0.1864 
0.7176  0.1864 
0.7294  0.1864 
0.7412  0.1864 
0.7529  0.1525 
0.7647  0.1525 
0.7765  0.1525 
0.7882  0.1525 
0.8000  0.1525 
0.8118  0.1525 
0.8235  0.1441 
0.8353  0.1017 
0.8471  0.1017 
0.8588  0.1017 
0.8706  0.1017 
0.8824  0.0678 
0.8941  0.0678 
0.9059  0.0678 
0.9176  0.0593 
0.9294  0.0508 
0.9412  0.0424 
0.9529  0.0339 
0.9647  0.0254 
0.9765  0.0169 
0.9882  0.0085 
1.0000  0.0000 
