0.0000  1.0000 
0.0182  0.9620 
0.0364  0.8987 
0.0545  0.8734 
0.0727  0.8481 
0.0909  0.8228 
0.1091  0.7848 
0.1273  0.7595 
0.1455  0.6582 
0.1636  0.6329 
0.1818  0.6203 
0.2000  0.6076 
0.2182  0.5949 
0.2364  0.5823 
0.2545  0.5696 
0.2727  0.5570 
0.2909  0.4937 
0.3091  0.4810 
0.3273  0.3924 
0.3455  0.3418 
0.3636  0.3418 
0.3818  0.2025 
0.4000  0.2025 
0.4182  0.1392 
0.4364  0.1392 
0.4545  0.1392 
0.4727  0.1392 
0.4909  0.1139 
0.5091  0.1013 
0.5273  0.0886 
0.5455  0.0759 
0.5636  0.0759 
0.5818  0.0759 
0.6000  0.0759 
0.6182  0.0759 
0.6364  0.0759 
0.6545  0.0759 
0.6727  0.0759 
0.6909  0.0759 
0.7091  0.0759 
0.7273  0.0759 
0.7455  0.0759 
0.7636  0.0759 
0.7818  0.0759 
0.8000  0.0759 
0.8182  0.0759 
0.8364  0.0759 
0.8545  0.0759 
0.8727  0.0759 
0.8909  0.0633 
0.9091  0.0506 
0.9273  0.0380 
0.9455  0.0253 
0.9636  0.0253 
0.9818  0.0127 
1.0000  0.0000 
