0.0000  1.0000 
0.0196  0.9851 
0.0392  0.9701 
0.0588  0.9552 
0.0784  0.9403 
0.0980  0.9104 
0.1176  0.8955 
0.1373  0.8209 
0.1569  0.8060 
0.1765  0.7612 
0.1961  0.6866 
0.2157  0.6269 
0.2353  0.6119 
0.2549  0.5970 
0.2745  0.5224 
0.2941  0.4627 
0.3137  0.3582 
0.3333  0.2836 
0.3529  0.2687 
0.3725  0.2537 
0.3922  0.1642 
0.4118  0.1493 
0.4314  0.1343 
0.4510  0.0896 
0.4706  0.0896 
0.4902  0.0896 
0.5098  0.0896 
0.5294  0.0896 
0.5490  0.0896 
0.5686  0.0896 
0.5882  0.0746 
0.6078  0.0746 
0.6275  0.0746 
0.6471  0.0746 
0.6667  0.0746 
0.6863  0.0746 
0.7059  0.0746 
0.7255  0.0746 
0.7451  0.0746 
0.7647  0.0746 
0.7843  0.0746 
0.8039  0.0746 
0.8235  0.0746 
0.8431  0.0597 
0.8627  0.0597 
0.8824  0.0597 
0.9020  0.0597 
0.9216  0.0597 
0.9412  0.0448 
0.9608  0.0299 
0.9804  0.0149 
1.0000  0.0000 
