0.0000  1.0000 
0.0233  0.9394 
0.0465  0.8636 
0.0698  0.8182 
0.0930  0.7879 
0.1163  0.7576 
0.1395  0.7273 
0.1628  0.6970 
0.1860  0.6667 
0.2093  0.6667 
0.2326  0.6515 
0.2558  0.6061 
0.2791  0.5758 
0.3023  0.5758 
0.3256  0.5758 
0.3488  0.5000 
0.3721  0.4848 
0.3953  0.4242 
0.4186  0.4242 
0.4419  0.4091 
0.4651  0.4091 
0.4884  0.4091 
0.5116  0.3788 
0.5349  0.3636 
0.5581  0.3333 
0.5814  0.3182 
0.6047  0.2879 
0.6279  0.2727 
0.6512  0.2576 
0.6744  0.2121 
0.6977  0.2121 
0.7209  0.1970 
0.7442  0.1818 
0.7674  0.1667 
0.7907  0.1515 
0.8140  0.1364 
0.8372  0.1212 
0.8605  0.1061 
0.8837  0.0606 
0.9070  0.0606 
0.9302  0.0455 
0.9535  0.0303 
0.9767  0.0152 
1.0000  0.0000 
