0.0000  1.0000 
0.0054  0.9951 
0.0108  0.9852 
0.0161  0.9754 
0.0215  0.9704 
0.0269  0.9655 
0.0323  0.9557 
0.0376  0.9507 
0.0430  0.9458 
0.0484  0.9409 
0.0538  0.9360 
0.0591  0.9310 
0.0645  0.9261 
0.0699  0.9163 
0.0753  0.9113 
0.0806  0.9064 
0.0860  0.8916 
0.0914  0.8916 
0.0968  0.8867 
0.1022  0.8818 
0.1075  0.8670 
0.1129  0.8670 
0.1183  0.8621 
0.1237  0.8571 
0.1290  0.8522 
0.1344  0.8473 
0.1398  0.8424 
0.1452  0.8374 
0.1505  0.8276 
0.1559  0.8227 
0.1613  0.8177 
0.1667  0.8128 
0.1720  0.8079 
0.1774  0.7980 
0.1828  0.7931 
0.1882  0.7882 
0.1935  0.7833 
0.1989  0.7586 
0.2043  0.7586 
0.2097  0.7586 
0.2151  0.7586 
0.2204  0.7537 
0.2258  0.7488 
0.2312  0.7438 
0.2366  0.7389 
0.2419  0.7340 
0.2473  0.7192 
0.2527  0.7192 
0.2581  0.7143 
0.2634  0.7094 
0.2688  0.7044 
0.2742  0.6995 
0.2796  0.6946 
0.2849  0.6897 
0.2903  0.6798 
0.2957  0.6749 
0.3011  0.6700 
0.3065  0.6650 
0.3118  0.6404 
0.3172  0.6404 
0.3226  0.6404 
0.3280  0.6404 
0.3333  0.6355 
0.3387  0.6305 
0.3441  0.6256 
0.3495  0.6207 
0.3548  0.6158 
0.3602  0.5911 
0.3656  0.5911 
0.3710  0.5911 
0.3763  0.5911 
0.3817  0.5862 
0.3871  0.5813 
0.3925  0.5764 
0.3978  0.5714 
0.4032  0.5665 
0.4086  0.5616 
0.4140  0.5567 
0.4194  0.5172 
0.4247  0.5172 
0.4301  0.5172 
0.4355  0.5172 
0.4409  0.5172 
0.4462  0.5172 
0.4516  0.5172 
0.4570  0.5123 
0.4624  0.5074 
0.4677  0.5025 
0.4731  0.4975 
0.4785  0.4926 
0.4839  0.4877 
0.4892  0.4828 
0.4946  0.4236 
0.5000  0.4236 
0.5054  0.4236 
0.5108  0.4236 
0.5161  0.4236 
0.5215  0.4236 
0.5269  0.4236 
0.5323  0.4236 
0.5376  0.4236 
0.5430  0.4236 
0.5484  0.4236 
0.5538  0.4187 
0.5591  0.4138 
0.5645  0.4089 
0.5699  0.4039 
0.5753  0.3990 
0.5806  0.3103 
0.5860  0.3103 
0.5914  0.3103 
0.5968  0.3103 
0.6022  0.3103 
0.6075  0.3103 
0.6129  0.3103 
0.6183  0.3103 
0.6237  0.3103 
0.6290  0.3103 
0.6344  0.3103 
0.6398  0.3103 
0.6452  0.3103 
0.6505  0.3103 
0.6559  0.3103 
0.6613  0.3103 
0.6667  0.3103 
0.6720  0.3054 
0.6774  0.3005 
0.6828  0.1576 
0.6882  0.1576 
0.6935  0.1576 
0.6989  0.1576 
0.7043  0.1576 
0.7097  0.1576 
0.7151  0.1576 
0.7204  0.1576 
0.7258  0.1576 
0.7312  0.1576 
0.7366  0.1576 
0.7419  0.1576 
0.7473  0.1576 
0.7527  0.1576 
0.7581  0.1576 
0.7634  0.1576 
0.7688  0.1576 
0.7742  0.1576 
0.7796  0.1576 
0.7849  0.1576 
0.7903  0.1576 
0.7957  0.1576 
0.8011  0.1576 
0.8065  0.1576 
0.8118  0.1576 
0.8172  0.1576 
0.8226  0.1576 
0.8280  0.1576 
0.8333  0.1527 
0.8387  0.1478 
0.8441  0.1429 
0.8495  0.1379 
0.8548  0.1330 
0.8602  0.1281 
0.8656  0.1232 
0.8710  0.1182 
0.8763  0.1133 
0.8817  0.1084 
0.8871  0.1034 
0.8925  0.0985 
0.8978  0.0936 
0.9032  0.0887 
0.9086  0.0837 
0.9140  0.0788 
0.9194  0.0739 
0.9247  0.0690 
0.9301  0.0640 
0.9355  0.0591 
0.9409  0.0542 
0.9462  0.0493 
0.9516  0.0443 
0.9570  0.0394 
0.9624  0.0345 
0.9677  0.0296 
0.9731  0.0246 
0.9785  0.0197 
0.9839  0.0148 
0.9892  0.0099 
0.9946  0.0049 
1.0000  0.0000 
