0.0000  1.0000 
0.0286  0.9583 
0.0571  0.8958 
0.0857  0.8750 
0.1143  0.8542 
0.1429  0.8333 
0.1714  0.7917 
0.2000  0.7708 
0.2286  0.7083 
0.2571  0.3750 
0.2857  0.3542 
0.3143  0.3542 
0.3429  0.2917 
0.3714  0.2917 
0.4000  0.2708 
0.4286  0.2500 
0.4571  0.2500 
0.4857  0.2083 
0.5143  0.2083 
0.5429  0.2083 
0.5714  0.2083 
0.6000  0.2083 
0.6286  0.1875 
0.6571  0.1875 
0.6857  0.1875 
0.7143  0.1667 
0.7429  0.1458 
0.7714  0.1458 
0.8000  0.1250 
0.8286  0.1250 
0.8571  0.1042 
0.8857  0.0833 
0.9143  0.0625 
0.9429  0.0417 
0.9714  0.0208 
1.0000  0.0000 
