0.0000  1.0000 
0.0167  0.9863 
0.0333  0.9589 
0.0500  0.9589 
0.0667  0.9589 
0.0833  0.9452 
0.1000  0.9041 
0.1167  0.9041 
0.1333  0.8630 
0.1500  0.8630 
0.1667  0.8493 
0.1833  0.8082 
0.2000  0.8082 
0.2167  0.7945 
0.2333  0.7808 
0.2500  0.7671 
0.2667  0.7123 
0.2833  0.6986 
0.3000  0.6027 
0.3167  0.6027 
0.3333  0.6027 
0.3500  0.6027 
0.3667  0.5616 
0.3833  0.5616 
0.4000  0.5342 
0.4167  0.5342 
0.4333  0.5342 
0.4500  0.5342 
0.4667  0.4658 
0.4833  0.4658 
0.5000  0.4658 
0.5167  0.4658 
0.5333  0.4521 
0.5500  0.3973 
0.5667  0.3973 
0.5833  0.3973 
0.6000  0.3151 
0.6167  0.1781 
0.6333  0.1781 
0.6500  0.1781 
0.6667  0.1781 
0.6833  0.1781 
0.7000  0.1781 
0.7167  0.1781 
0.7333  0.1781 
0.7500  0.1781 
0.7667  0.1781 
0.7833  0.1781 
0.8000  0.1781 
0.8167  0.1644 
0.8333  0.1507 
0.8500  0.0822 
0.8667  0.0822 
0.8833  0.0822 
0.9000  0.0822 
0.9167  0.0685 
0.9333  0.0548 
0.9500  0.0411 
0.9667  0.0274 
0.9833  0.0137 
1.0000  0.0000 
