0.0000  1.0000 
0.0164  0.9737 
0.0328  0.9605 
0.0492  0.9342 
0.0656  0.9079 
0.0820  0.8947 
0.0984  0.8816 
0.1148  0.8684 
0.1311  0.8553 
0.1475  0.8421 
0.1639  0.8289 
0.1803  0.7895 
0.1967  0.7763 
0.2131  0.7632 
0.2295  0.7368 
0.2459  0.6974 
0.2623  0.6711 
0.2787  0.6316 
0.2951  0.6184 
0.3115  0.6053 
0.3279  0.5921 
0.3443  0.5789 
0.3607  0.5658 
0.3770  0.5526 
0.3934  0.5395 
0.4098  0.4342 
0.4262  0.4211 
0.4426  0.3816 
0.4590  0.3158 
0.4754  0.2895 
0.4918  0.2632 
0.5082  0.2632 
0.5246  0.2500 
0.5410  0.2368 
0.5574  0.2237 
0.5738  0.2105 
0.5902  0.1974 
0.6066  0.1842 
0.6230  0.1711 
0.6393  0.1579 
0.6557  0.1447 
0.6721  0.1316 
0.6885  0.1184 
0.7049  0.1053 
0.7213  0.0921 
0.7377  0.0789 
0.7541  0.0658 
0.7705  0.0658 
0.7869  0.0658 
0.8033  0.0658 
0.8197  0.0658 
0.8361  0.0526 
0.8525  0.0526 
0.8689  0.0526 
0.8852  0.0526 
0.9016  0.0526 
0.9180  0.0395 
0.9344  0.0263 
0.9508  0.0263 
0.9672  0.0263 
0.9836  0.0132 
1.0000  0.0000 
