0.0000  1.0000 
0.0233  0.9710 
0.0465  0.9130 
0.0698  0.8841 
0.0930  0.8696 
0.1163  0.8406 
0.1395  0.7681 
0.1628  0.7391 
0.1860  0.7101 
0.2093  0.6522 
0.2326  0.6087 
0.2558  0.5942 
0.2791  0.5507 
0.3023  0.5362 
0.3256  0.5217 
0.3488  0.5072 
0.3721  0.4928 
0.3953  0.4783 
0.4186  0.4638 
0.4419  0.4493 
0.4651  0.3478 
0.4884  0.2464 
0.5116  0.2174 
0.5349  0.2029 
0.5581  0.1449 
0.5814  0.1449 
0.6047  0.1449 
0.6279  0.1449 
0.6512  0.1449 
0.6744  0.1449 
0.6977  0.1449 
0.7209  0.1449 
0.7442  0.1449 
0.7674  0.1449 
0.7907  0.1449 
0.8140  0.0580 
0.8372  0.0435 
0.8605  0.0290 
0.8837  0.0290 
0.9070  0.0290 
0.9302  0.0290 
0.9535  0.0290 
0.9767  0.0145 
1.0000  0.0000 
