0.0000  1.0000 
0.0015  0.9974 
0.0030  0.9961 
0.0044  0.9948 
0.0059  0.9934 
0.0074  0.9856 
0.0089  0.9764 
0.0103  0.9738 
0.0118  0.9725 
0.0133  0.9712 
0.0148  0.9554 
0.0162  0.9528 
0.0177  0.9502 
0.0192  0.9489 
0.0207  0.9476 
0.0222  0.9463 
0.0236  0.9450 
0.0251  0.9345 
0.0266  0.9332 
0.0281  0.9318 
0.0295  0.9305 
0.0310  0.9292 
0.0325  0.9279 
0.0340  0.9266 
0.0355  0.9253 
0.0369  0.9240 
0.0384  0.9227 
0.0399  0.9148 
0.0414  0.9135 
0.0428  0.9096 
0.0443  0.9083 
0.0458  0.9069 
0.0473  0.9056 
0.0487  0.9043 
0.0502  0.9030 
0.0517  0.9004 
0.0532  0.8991 
0.0547  0.8978 
0.0561  0.8965 
0.0576  0.8952 
0.0591  0.8938 
0.0606  0.8925 
0.0620  0.8899 
0.0635  0.8886 
0.0650  0.8873 
0.0665  0.8860 
0.0679  0.8847 
0.0694  0.8834 
0.0709  0.8820 
0.0724  0.8807 
0.0739  0.8794 
0.0753  0.8781 
0.0768  0.8768 
0.0783  0.8755 
0.0798  0.8742 
0.0812  0.8729 
0.0827  0.8676 
0.0842  0.8663 
0.0857  0.8650 
0.0871  0.8637 
0.0886  0.8624 
0.0901  0.8611 
0.0916  0.8598 
0.0931  0.8585 
0.0945  0.8571 
0.0960  0.8558 
0.0975  0.8545 
0.0990  0.8532 
0.1004  0.8519 
0.1019  0.8506 
0.1034  0.8493 
0.1049  0.8480 
0.1064  0.8467 
0.1078  0.8453 
0.1093  0.8440 
0.1108  0.8427 
0.1123  0.8414 
0.1137  0.8401 
0.1152  0.8388 
0.1167  0.8375 
0.1182  0.8362 
0.1196  0.8349 
0.1211  0.8336 
0.1226  0.8047 
0.1241  0.8034 
0.1256  0.8021 
0.1270  0.8008 
0.1285  0.7995 
0.1300  0.7982 
0.1315  0.7969 
0.1329  0.7955 
0.1344  0.7942 
0.1359  0.7929 
0.1374  0.7916 
0.1388  0.7903 
0.1403  0.7444 
0.1418  0.7235 
0.1433  0.7221 
0.1448  0.7143 
0.1462  0.7130 
0.1477  0.7117 
0.1492  0.7104 
0.1507  0.6972 
0.1521  0.6959 
0.1536  0.6946 
0.1551  0.6933 
0.1566  0.6920 
0.1581  0.6815 
0.1595  0.6802 
0.1610  0.6789 
0.1625  0.6776 
0.1640  0.6763 
0.1654  0.6737 
0.1669  0.6723 
0.1684  0.6684 
0.1699  0.6658 
0.1713  0.6632 
0.1728  0.6606 
0.1743  0.6579 
0.1758  0.6553 
0.1773  0.6540 
0.1787  0.6527 
0.1802  0.6514 
0.1817  0.6501 
0.1832  0.6291 
0.1846  0.6291 
0.1861  0.6278 
0.1876  0.6265 
0.1891  0.6252 
0.1905  0.5872 
0.1920  0.5636 
0.1935  0.5596 
0.1950  0.5596 
0.1965  0.5596 
0.1979  0.5583 
0.1994  0.5387 
0.2009  0.5374 
0.2024  0.5360 
0.2038  0.5347 
0.2053  0.4797 
0.2068  0.4679 
0.2083  0.4666 
0.2097  0.4417 
0.2112  0.4260 
0.2127  0.4246 
0.2142  0.4246 
0.2157  0.4246 
0.2171  0.4246 
0.2186  0.4246 
0.2201  0.4246 
0.2216  0.4246 
0.2230  0.4246 
0.2245  0.4246 
0.2260  0.4246 
0.2275  0.4246 
0.2290  0.4246 
0.2304  0.4246 
0.2319  0.4246 
0.2334  0.4246 
0.2349  0.4246 
0.2363  0.4246 
0.2378  0.4246 
0.2393  0.4246 
0.2408  0.4246 
0.2422  0.4246 
0.2437  0.4246 
0.2452  0.4246 
0.2467  0.4246 
0.2482  0.4246 
0.2496  0.4246 
0.2511  0.4246 
0.2526  0.4246 
0.2541  0.4246 
0.2555  0.4246 
0.2570  0.4246 
0.2585  0.4246 
0.2600  0.4246 
0.2614  0.4246 
0.2629  0.4246 
0.2644  0.4246 
0.2659  0.4246 
0.2674  0.4246 
0.2688  0.4246 
0.2703  0.4246 
0.2718  0.4246 
0.2733  0.4246 
0.2747  0.4246 
0.2762  0.4246 
0.2777  0.4246 
0.2792  0.4246 
0.2806  0.4246 
0.2821  0.4246 
0.2836  0.4246 
0.2851  0.4246 
0.2866  0.4246 
0.2880  0.4246 
0.2895  0.4246 
0.2910  0.4246 
0.2925  0.4246 
0.2939  0.4246 
0.2954  0.4246 
0.2969  0.4246 
0.2984  0.4246 
0.2999  0.4246 
0.3013  0.4246 
0.3028  0.4246 
0.3043  0.4246 
0.3058  0.4246 
0.3072  0.4246 
0.3087  0.4246 
0.3102  0.4246 
0.3117  0.4246 
0.3131  0.4246 
0.3146  0.4246 
0.3161  0.4246 
0.3176  0.4246 
0.3191  0.4246 
0.3205  0.4246 
0.3220  0.4246 
0.3235  0.4246 
0.3250  0.4246 
0.3264  0.4246 
0.3279  0.4246 
0.3294  0.4246 
0.3309  0.4246 
0.3323  0.4246 
0.3338  0.4246 
0.3353  0.4246 
0.3368  0.4246 
0.3383  0.4246 
0.3397  0.4246 
0.3412  0.4246 
0.3427  0.4246 
0.3442  0.4246 
0.3456  0.4246 
0.3471  0.4246 
0.3486  0.4246 
0.3501  0.4246 
0.3516  0.4246 
0.3530  0.4246 
0.3545  0.4246 
0.3560  0.4246 
0.3575  0.4246 
0.3589  0.4246 
0.3604  0.4246 
0.3619  0.4246 
0.3634  0.4246 
0.3648  0.4246 
0.3663  0.4246 
0.3678  0.4246 
0.3693  0.4246 
0.3708  0.4246 
0.3722  0.4246 
0.3737  0.4246 
0.3752  0.4246 
0.3767  0.4246 
0.3781  0.4246 
0.3796  0.4246 
0.3811  0.4246 
0.3826  0.4246 
0.3840  0.4246 
0.3855  0.4246 
0.3870  0.4246 
0.3885  0.4246 
0.3900  0.4246 
0.3914  0.4246 
0.3929  0.4246 
0.3944  0.4246 
0.3959  0.4246 
0.3973  0.4246 
0.3988  0.4246 
0.4003  0.4246 
0.4018  0.4246 
0.4032  0.4246 
0.4047  0.4246 
0.4062  0.4246 
0.4077  0.4246 
0.4092  0.4246 
0.4106  0.4246 
0.4121  0.4246 
0.4136  0.4246 
0.4151  0.4246 
0.4165  0.4246 
0.4180  0.4246 
0.4195  0.4246 
0.4210  0.4246 
0.4225  0.4246 
0.4239  0.4246 
0.4254  0.4246 
0.4269  0.4246 
0.4284  0.4246 
0.4298  0.4246 
0.4313  0.4246 
0.4328  0.4246 
0.4343  0.4246 
0.4357  0.4246 
0.4372  0.4246 
0.4387  0.4246 
0.4402  0.4246 
0.4417  0.4246 
0.4431  0.4246 
0.4446  0.4246 
0.4461  0.4246 
0.4476  0.4246 
0.4490  0.4246 
0.4505  0.4246 
0.4520  0.4246 
0.4535  0.4194 
0.4549  0.3473 
0.4564  0.3473 
0.4579  0.3460 
0.4594  0.3447 
0.4609  0.1717 
0.4623  0.1717 
0.4638  0.1717 
0.4653  0.1717 
0.4668  0.1717 
0.4682  0.1717 
0.4697  0.1717 
0.4712  0.1717 
0.4727  0.1717 
0.4742  0.1717 
0.4756  0.1704 
0.4771  0.1691 
0.4786  0.1678 
0.4801  0.1664 
0.4815  0.1651 
0.4830  0.1638 
0.4845  0.1625 
0.4860  0.1612 
0.4874  0.1599 
0.4889  0.1586 
0.4904  0.1573 
0.4919  0.1560 
0.4934  0.1547 
0.4948  0.1533 
0.4963  0.1520 
0.4978  0.1507 
0.4993  0.1494 
0.5007  0.1481 
0.5022  0.1468 
0.5037  0.1455 
0.5052  0.1442 
0.5066  0.1429 
0.5081  0.1415 
0.5096  0.1402 
0.5111  0.1389 
0.5126  0.1376 
0.5140  0.1363 
0.5155  0.1350 
0.5170  0.1337 
0.5185  0.1324 
0.5199  0.1311 
0.5214  0.1298 
0.5229  0.1284 
0.5244  0.1271 
0.5258  0.1258 
0.5273  0.1245 
0.5288  0.1232 
0.5303  0.1219 
0.5318  0.1206 
0.5332  0.1206 
0.5347  0.1206 
0.5362  0.1206 
0.5377  0.1206 
0.5391  0.1206 
0.5406  0.1206 
0.5421  0.1206 
0.5436  0.1206 
0.5451  0.1206 
0.5465  0.1206 
0.5480  0.1206 
0.5495  0.1206 
0.5510  0.1206 
0.5524  0.1206 
0.5539  0.1206 
0.5554  0.1206 
0.5569  0.1206 
0.5583  0.1206 
0.5598  0.1206 
0.5613  0.1206 
0.5628  0.1206 
0.5643  0.1206 
0.5657  0.1206 
0.5672  0.1206 
0.5687  0.1206 
0.5702  0.1206 
0.5716  0.1206 
0.5731  0.1206 
0.5746  0.1206 
0.5761  0.1206 
0.5775  0.1206 
0.5790  0.1206 
0.5805  0.1206 
0.5820  0.1206 
0.5835  0.1206 
0.5849  0.1206 
0.5864  0.1206 
0.5879  0.1206 
0.5894  0.1206 
0.5908  0.1206 
0.5923  0.1206 
0.5938  0.1206 
0.5953  0.1206 
0.5968  0.1206 
0.5982  0.1206 
0.5997  0.1206 
0.6012  0.1206 
0.6027  0.1206 
0.6041  0.1206 
0.6056  0.1206 
0.6071  0.1206 
0.6086  0.1206 
0.6100  0.1206 
0.6115  0.1206 
0.6130  0.1206 
0.6145  0.1206 
0.6160  0.1206 
0.6174  0.1206 
0.6189  0.1206 
0.6204  0.1206 
0.6219  0.1206 
0.6233  0.1206 
0.6248  0.1206 
0.6263  0.1206 
0.6278  0.1206 
0.6292  0.1206 
0.6307  0.1206 
0.6322  0.1206 
0.6337  0.1206 
0.6352  0.1206 
0.6366  0.1206 
0.6381  0.1206 
0.6396  0.1206 
0.6411  0.1206 
0.6425  0.1206 
0.6440  0.1206 
0.6455  0.1206 
0.6470  0.1206 
0.6484  0.1206 
0.6499  0.1206 
0.6514  0.1206 
0.6529  0.1206 
0.6544  0.1206 
0.6558  0.1206 
0.6573  0.1206 
0.6588  0.1206 
0.6603  0.1206 
0.6617  0.1206 
0.6632  0.1206 
0.6647  0.1206 
0.6662  0.1206 
0.6677  0.1206 
0.6691  0.1206 
0.6706  0.1206 
0.6721  0.1206 
0.6736  0.1206 
0.6750  0.1206 
0.6765  0.1206 
0.6780  0.1206 
0.6795  0.1206 
0.6809  0.1206 
0.6824  0.1206 
0.6839  0.1206 
0.6854  0.1206 
0.6869  0.1206 
0.6883  0.1206 
0.6898  0.1206 
0.6913  0.1206 
0.6928  0.1206 
0.6942  0.1206 
0.6957  0.1206 
0.6972  0.1206 
0.6987  0.1206 
0.7001  0.1206 
0.7016  0.1206 
0.7031  0.1206 
0.7046  0.1206 
0.7061  0.1206 
0.7075  0.1206 
0.7090  0.1206 
0.7105  0.1206 
0.7120  0.1206 
0.7134  0.1206 
0.7149  0.1206 
0.7164  0.1206 
0.7179  0.1206 
0.7194  0.1206 
0.7208  0.1206 
0.7223  0.1206 
0.7238  0.1206 
0.7253  0.1206 
0.7267  0.1206 
0.7282  0.1206 
0.7297  0.1206 
0.7312  0.1206 
0.7326  0.1206 
0.7341  0.1206 
0.7356  0.1206 
0.7371  0.0904 
0.7386  0.0786 
0.7400  0.0786 
0.7415  0.0786 
0.7430  0.0786 
0.7445  0.0786 
0.7459  0.0786 
0.7474  0.0786 
0.7489  0.0786 
0.7504  0.0786 
0.7518  0.0786 
0.7533  0.0786 
0.7548  0.0786 
0.7563  0.0786 
0.7578  0.0786 
0.7592  0.0786 
0.7607  0.0786 
0.7622  0.0786 
0.7637  0.0786 
0.7651  0.0786 
0.7666  0.0786 
0.7681  0.0786 
0.7696  0.0786 
0.7710  0.0786 
0.7725  0.0786 
0.7740  0.0786 
0.7755  0.0786 
0.7770  0.0786 
0.7784  0.0786 
0.7799  0.0786 
0.7814  0.0786 
0.7829  0.0786 
0.7843  0.0786 
0.7858  0.0786 
0.7873  0.0786 
0.7888  0.0786 
0.7903  0.0668 
0.7917  0.0537 
0.7932  0.0537 
0.7947  0.0537 
0.7962  0.0537 
0.7976  0.0537 
0.7991  0.0537 
0.8006  0.0537 
0.8021  0.0537 
0.8035  0.0537 
0.8050  0.0537 
0.8065  0.0537 
0.8080  0.0537 
0.8095  0.0537 
0.8109  0.0537 
0.8124  0.0537 
0.8139  0.0537 
0.8154  0.0537 
0.8168  0.0537 
0.8183  0.0537 
0.8198  0.0537 
0.8213  0.0537 
0.8227  0.0537 
0.8242  0.0367 
0.8257  0.0367 
0.8272  0.0367 
0.8287  0.0367 
0.8301  0.0367 
0.8316  0.0367 
0.8331  0.0367 
0.8346  0.0367 
0.8360  0.0367 
0.8375  0.0367 
0.8390  0.0367 
0.8405  0.0367 
0.8419  0.0262 
0.8434  0.0262 
0.8449  0.0262 
0.8464  0.0262 
0.8479  0.0262 
0.8493  0.0262 
0.8508  0.0262 
0.8523  0.0262 
0.8538  0.0262 
0.8552  0.0262 
0.8567  0.0262 
0.8582  0.0262 
0.8597  0.0262 
0.8612  0.0262 
0.8626  0.0262 
0.8641  0.0262 
0.8656  0.0262 
0.8671  0.0262 
0.8685  0.0262 
0.8700  0.0262 
0.8715  0.0262 
0.8730  0.0262 
0.8744  0.0262 
0.8759  0.0262 
0.8774  0.0262 
0.8789  0.0262 
0.8804  0.0249 
0.8818  0.0183 
0.8833  0.0183 
0.8848  0.0183 
0.8863  0.0183 
0.8877  0.0183 
0.8892  0.0183 
0.8907  0.0183 
0.8922  0.0183 
0.8936  0.0183 
0.8951  0.0183 
0.8966  0.0183 
0.8981  0.0183 
0.8996  0.0183 
0.9010  0.0183 
0.9025  0.0183 
0.9040  0.0183 
0.9055  0.0183 
0.9069  0.0183 
0.9084  0.0183 
0.9099  0.0183 
0.9114  0.0183 
0.9129  0.0183 
0.9143  0.0183 
0.9158  0.0183 
0.9173  0.0183 
0.9188  0.0183 
0.9202  0.0183 
0.9217  0.0183 
0.9232  0.0183 
0.9247  0.0183 
0.9261  0.0183 
0.9276  0.0183 
0.9291  0.0183 
0.9306  0.0170 
0.9321  0.0157 
0.9335  0.0157 
0.9350  0.0157 
0.9365  0.0157 
0.9380  0.0157 
0.9394  0.0157 
0.9409  0.0157 
0.9424  0.0157 
0.9439  0.0157 
0.9453  0.0157 
0.9468  0.0157 
0.9483  0.0157 
0.9498  0.0157 
0.9513  0.0157 
0.9527  0.0157 
0.9542  0.0157 
0.9557  0.0157 
0.9572  0.0157 
0.9586  0.0157 
0.9601  0.0157 
0.9616  0.0157 
0.9631  0.0157 
0.9645  0.0144 
0.9660  0.0131 
0.9675  0.0118 
0.9690  0.0105 
0.9705  0.0092 
0.9719  0.0092 
0.9734  0.0092 
0.9749  0.0092 
0.9764  0.0092 
0.9778  0.0092 
0.9793  0.0092 
0.9808  0.0079 
0.9823  0.0079 
0.9838  0.0079 
0.9852  0.0079 
0.9867  0.0079 
0.9882  0.0079 
0.9897  0.0066 
0.9911  0.0052 
0.9926  0.0039 
0.9941  0.0026 
0.9956  0.0026 
0.9970  0.0026 
0.9985  0.0013 
1.0000  0.0000 
