0.0000  1.0000 
0.0085  0.9939 
0.0169  0.9817 
0.0254  0.9756 
0.0339  0.9573 
0.0424  0.9512 
0.0508  0.9390 
0.0593  0.9207 
0.0678  0.8902 
0.0763  0.8780 
0.0847  0.8720 
0.0932  0.8659 
0.1017  0.8598 
0.1102  0.8537 
0.1186  0.8049 
0.1271  0.7927 
0.1356  0.7439 
0.1441  0.7317 
0.1525  0.6646 
0.1610  0.6646 
0.1695  0.6341 
0.1780  0.6280 
0.1864  0.6220 
0.1949  0.6159 
0.2034  0.6098 
0.2119  0.6037 
0.2203  0.5671 
0.2288  0.5610 
0.2373  0.5061 
0.2458  0.5061 
0.2542  0.5000 
0.2627  0.4878 
0.2712  0.4695 
0.2797  0.4268 
0.2881  0.4268 
0.2966  0.4268 
0.3051  0.4268 
0.3136  0.4268 
0.3220  0.4268 
0.3305  0.4268 
0.3390  0.4268 
0.3475  0.4268 
0.3559  0.4268 
0.3644  0.4268 
0.3729  0.4268 
0.3814  0.4268 
0.3898  0.4268 
0.3983  0.4268 
0.4068  0.4146 
0.4153  0.4085 
0.4237  0.4085 
0.4322  0.4024 
0.4407  0.3476 
0.4492  0.3476 
0.4576  0.3415 
0.4661  0.3171 
0.4746  0.2744 
0.4831  0.2683 
0.4915  0.1829 
0.5000  0.1829 
0.5085  0.1829 
0.5169  0.1829 
0.5254  0.1829 
0.5339  0.1829 
0.5424  0.1829 
0.5508  0.1707 
0.5593  0.1707 
0.5678  0.1646 
0.5763  0.1585 
0.5847  0.1524 
0.5932  0.1463 
0.6017  0.1402 
0.6102  0.1341 
0.6186  0.1280 
0.6271  0.1220 
0.6356  0.1159 
0.6441  0.1098 
0.6525  0.1037 
0.6610  0.0976 
0.6695  0.0915 
0.6780  0.0854 
0.6864  0.0793 
0.6949  0.0732 
0.7034  0.0671 
0.7119  0.0610 
0.7203  0.0549 
0.7288  0.0488 
0.7373  0.0427 
0.7458  0.0366 
0.7542  0.0305 
0.7627  0.0305 
0.7712  0.0305 
0.7797  0.0305 
0.7881  0.0305 
0.7966  0.0305 
0.8051  0.0305 
0.8136  0.0305 
0.8220  0.0305 
0.8305  0.0244 
0.8390  0.0183 
0.8475  0.0183 
0.8559  0.0183 
0.8644  0.0183 
0.8729  0.0183 
0.8814  0.0183 
0.8898  0.0183 
0.8983  0.0183 
0.9068  0.0183 
0.9153  0.0183 
0.9237  0.0183 
0.9322  0.0183 
0.9407  0.0183 
0.9492  0.0183 
0.9576  0.0183 
0.9661  0.0183 
0.9746  0.0183 
0.9831  0.0122 
0.9915  0.0061 
1.0000  0.0000 
