0.0000  1.0000 
0.0036  0.9916 
0.0073  0.9860 
0.0109  0.9777 
0.0145  0.9637 
0.0182  0.9553 
0.0218  0.9497 
0.0255  0.9441 
0.0291  0.9385 
0.0327  0.9330 
0.0364  0.9218 
0.0400  0.9162 
0.0436  0.9050 
0.0473  0.8994 
0.0509  0.8939 
0.0545  0.8883 
0.0582  0.8827 
0.0618  0.8771 
0.0655  0.8771 
0.0691  0.8771 
0.0727  0.8771 
0.0764  0.8771 
0.0800  0.8771 
0.0836  0.8771 
0.0873  0.8715 
0.0909  0.8659 
0.0945  0.8603 
0.0982  0.8603 
0.1018  0.8547 
0.1055  0.8547 
0.1091  0.8492 
0.1127  0.8436 
0.1164  0.8380 
0.1200  0.8352 
0.1236  0.8296 
0.1273  0.8268 
0.1309  0.8212 
0.1345  0.8184 
0.1382  0.8128 
0.1418  0.8101 
0.1455  0.8045 
0.1491  0.7961 
0.1527  0.7961 
0.1564  0.7933 
0.1600  0.7877 
0.1636  0.7793 
0.1673  0.7793 
0.1709  0.7709 
0.1745  0.7709 
0.1782  0.7682 
0.1818  0.7626 
0.1855  0.7598 
0.1891  0.7542 
0.1927  0.7514 
0.1964  0.7458 
0.2000  0.7374 
0.2036  0.7374 
0.2073  0.7346 
0.2109  0.7318 
0.2145  0.7263 
0.2182  0.7235 
0.2218  0.7179 
0.2255  0.7151 
0.2291  0.7095 
0.2327  0.7067 
0.2364  0.7011 
0.2400  0.6983 
0.2436  0.6872 
0.2473  0.6816 
0.2509  0.6704 
0.2545  0.6676 
0.2582  0.6676 
0.2618  0.6676 
0.2655  0.6648 
0.2691  0.6648 
0.2727  0.6648 
0.2764  0.6620 
0.2800  0.6564 
0.2836  0.6480 
0.2873  0.6480 
0.2909  0.6425 
0.2945  0.6397 
0.2982  0.6341 
0.3018  0.6313 
0.3055  0.6089 
0.3091  0.6089 
0.3127  0.6061 
0.3164  0.6006 
0.3200  0.5978 
0.3236  0.5950 
0.3273  0.5866 
0.3309  0.5866 
0.3345  0.5838 
0.3382  0.5782 
0.3418  0.5670 
0.3455  0.5670 
0.3491  0.5670 
0.3527  0.5642 
0.3564  0.5559 
0.3600  0.5559 
0.3636  0.5531 
0.3673  0.5503 
0.3709  0.5447 
0.3745  0.5419 
0.3782  0.5391 
0.3818  0.5335 
0.3855  0.5307 
0.3891  0.5223 
0.3927  0.5223 
0.3964  0.5196 
0.4000  0.5112 
0.4036  0.5112 
0.4073  0.5084 
0.4109  0.5056 
0.4145  0.5000 
0.4182  0.4972 
0.4218  0.4944 
0.4255  0.4888 
0.4291  0.4777 
0.4327  0.4777 
0.4364  0.4777 
0.4400  0.4749 
0.4436  0.4721 
0.4473  0.4665 
0.4509  0.4637 
0.4545  0.4525 
0.4582  0.4525 
0.4618  0.4525 
0.4655  0.4525 
0.4691  0.4525 
0.4727  0.4525 
0.4764  0.4525 
0.4800  0.4497 
0.4836  0.4385 
0.4873  0.4385 
0.4909  0.4385 
0.4945  0.4246 
0.4982  0.4246 
0.5018  0.4246 
0.5055  0.4246 
0.5091  0.4050 
0.5127  0.3883 
0.5164  0.3883 
0.5200  0.3883 
0.5236  0.3883 
0.5273  0.3883 
0.5309  0.3855 
0.5345  0.3743 
0.5382  0.3743 
0.5418  0.3743 
0.5455  0.3715 
0.5491  0.3575 
0.5527  0.3575 
0.5564  0.3575 
0.5600  0.3575 
0.5636  0.3408 
0.5673  0.3408 
0.5709  0.3408 
0.5745  0.3408 
0.5782  0.3408 
0.5818  0.3408 
0.5855  0.3408 
0.5891  0.3408 
0.5927  0.3408 
0.5964  0.3408 
0.6000  0.3380 
0.6036  0.3352 
0.6073  0.3212 
0.6109  0.3212 
0.6145  0.3212 
0.6182  0.3212 
0.6218  0.3184 
0.6255  0.3156 
0.6291  0.3128 
0.6327  0.3101 
0.6364  0.2989 
0.6400  0.2989 
0.6436  0.2989 
0.6473  0.2961 
0.6509  0.2821 
0.6545  0.2821 
0.6582  0.2821 
0.6618  0.2821 
0.6655  0.2793 
0.6691  0.2765 
0.6727  0.2737 
0.6764  0.2709 
0.6800  0.2598 
0.6836  0.2598 
0.6873  0.2598 
0.6909  0.2570 
0.6945  0.2542 
0.6982  0.2346 
0.7018  0.2346 
0.7055  0.2346 
0.7091  0.2346 
0.7127  0.2346 
0.7164  0.2346 
0.7200  0.2123 
0.7236  0.2123 
0.7273  0.2123 
0.7309  0.2123 
0.7345  0.2123 
0.7382  0.2123 
0.7418  0.2123 
0.7455  0.1899 
0.7491  0.1899 
0.7527  0.1899 
0.7564  0.1899 
0.7600  0.1899 
0.7636  0.1899 
0.7673  0.1899 
0.7709  0.1145 
0.7745  0.0922 
0.7782  0.0922 
0.7818  0.0922 
0.7855  0.0922 
0.7891  0.0922 
0.7927  0.0922 
0.7964  0.0922 
0.8000  0.0922 
0.8036  0.0922 
0.8073  0.0922 
0.8109  0.0922 
0.8145  0.0922 
0.8182  0.0922 
0.8218  0.0922 
0.8255  0.0922 
0.8291  0.0922 
0.8327  0.0922 
0.8364  0.0922 
0.8400  0.0922 
0.8436  0.0922 
0.8473  0.0922 
0.8509  0.0922 
0.8545  0.0922 
0.8582  0.0922 
0.8618  0.0922 
0.8655  0.0922 
0.8691  0.0922 
0.8727  0.0922 
0.8764  0.0922 
0.8800  0.0922 
0.8836  0.0922 
0.8873  0.0894 
0.8909  0.0475 
0.8945  0.0475 
0.8982  0.0475 
0.9018  0.0475 
0.9055  0.0475 
0.9091  0.0475 
0.9127  0.0475 
0.9164  0.0475 
0.9200  0.0475 
0.9236  0.0475 
0.9273  0.0475 
0.9309  0.0475 
0.9345  0.0475 
0.9382  0.0475 
0.9418  0.0447 
0.9455  0.0419 
0.9491  0.0391 
0.9527  0.0363 
0.9564  0.0335 
0.9600  0.0307 
0.9636  0.0279 
0.9673  0.0251 
0.9709  0.0223 
0.9745  0.0196 
0.9782  0.0168 
0.9818  0.0140 
0.9855  0.0112 
0.9891  0.0084 
0.9927  0.0056 
0.9964  0.0028 
1.0000  0.0000 
