0.0000  1.0000 
0.0118  0.9836 
0.0235  0.9754 
0.0353  0.9590 
0.0471  0.9508 
0.0588  0.9426 
0.0706  0.9344 
0.0824  0.8607 
0.0941  0.8361 
0.1059  0.8197 
0.1176  0.7869 
0.1294  0.7541 
0.1412  0.7459 
0.1529  0.7213 
0.1647  0.7131 
0.1765  0.7049 
0.1882  0.6967 
0.2000  0.6721 
0.2118  0.6557 
0.2235  0.6475 
0.2353  0.6393 
0.2471  0.6148 
0.2588  0.6066 
0.2706  0.5984 
0.2824  0.5902 
0.2941  0.5820 
0.3059  0.5574 
0.3176  0.5246 
0.3294  0.5082 
0.3412  0.5000 
0.3529  0.4918 
0.3647  0.4590 
0.3765  0.4508 
0.3882  0.3770 
0.4000  0.3033 
0.4118  0.3033 
0.4235  0.2869 
0.4353  0.1721 
0.4471  0.1721 
0.4588  0.1721 
0.4706  0.1721 
0.4824  0.1721 
0.4941  0.1721 
0.5059  0.1721 
0.5176  0.1721 
0.5294  0.1721 
0.5412  0.1721 
0.5529  0.1721 
0.5647  0.1721 
0.5765  0.1721 
0.5882  0.1721 
0.6000  0.1721 
0.6118  0.1721 
0.6235  0.1721 
0.6353  0.1721 
0.6471  0.1721 
0.6588  0.1721 
0.6706  0.1721 
0.6824  0.1148 
0.6941  0.1148 
0.7059  0.1148 
0.7176  0.1148 
0.7294  0.1148 
0.7412  0.1148 
0.7529  0.1148 
0.7647  0.1148 
0.7765  0.1148 
0.7882  0.1148 
0.8000  0.0984 
0.8118  0.0984 
0.8235  0.0984 
0.8353  0.0492 
0.8471  0.0410 
0.8588  0.0410 
0.8706  0.0410 
0.8824  0.0410 
0.8941  0.0410 
0.9059  0.0410 
0.9176  0.0246 
0.9294  0.0246 
0.9412  0.0246 
0.9529  0.0246 
0.9647  0.0164 
0.9765  0.0164 
0.9882  0.0082 
1.0000  0.0000 
