0.0000  1.0000 
0.0182  0.9268 
0.0364  0.9024 
0.0545  0.8780 
0.0727  0.8537 
0.0909  0.8415 
0.1091  0.8171 
0.1273  0.8049 
0.1455  0.7195 
0.1636  0.7073 
0.1818  0.6951 
0.2000  0.6829 
0.2182  0.6707 
0.2364  0.6585 
0.2545  0.5976 
0.2727  0.5000 
0.2909  0.4878 
0.3091  0.4634 
0.3273  0.3780 
0.3455  0.3293 
0.3636  0.2683 
0.3818  0.2683 
0.4000  0.1341 
0.4182  0.1341 
0.4364  0.1098 
0.4545  0.0976 
0.4727  0.0976 
0.4909  0.0976 
0.5091  0.0976 
0.5273  0.0854 
0.5455  0.0732 
0.5636  0.0732 
0.5818  0.0732 
0.6000  0.0732 
0.6182  0.0732 
0.6364  0.0732 
0.6545  0.0732 
0.6727  0.0732 
0.6909  0.0732 
0.7091  0.0732 
0.7273  0.0732 
0.7455  0.0732 
0.7636  0.0732 
0.7818  0.0732 
0.8000  0.0732 
0.8182  0.0732 
0.8364  0.0732 
0.8545  0.0732 
0.8727  0.0732 
0.8909  0.0610 
0.9091  0.0488 
0.9273  0.0366 
0.9455  0.0244 
0.9636  0.0244 
0.9818  0.0122 
1.0000  0.0000 
