0.0000  1.0000 
0.0132  0.9906 
0.0263  0.9811 
0.0395  0.9717 
0.0526  0.9623 
0.0658  0.9528 
0.0789  0.9434 
0.0921  0.9245 
0.1053  0.9151 
0.1184  0.9057 
0.1316  0.8962 
0.1447  0.8868 
0.1579  0.8774 
0.1711  0.8679 
0.1842  0.8585 
0.1974  0.8491 
0.2105  0.8396 
0.2237  0.8302 
0.2368  0.8208 
0.2500  0.8113 
0.2632  0.7925 
0.2763  0.7830 
0.2895  0.7642 
0.3026  0.7547 
0.3158  0.7453 
0.3289  0.7264 
0.3421  0.7170 
0.3553  0.7075 
0.3684  0.6981 
0.3816  0.6887 
0.3947  0.6792 
0.4079  0.6698 
0.4211  0.6604 
0.4342  0.6509 
0.4474  0.6321 
0.4605  0.6132 
0.4737  0.6038 
0.4868  0.5943 
0.5000  0.5849 
0.5132  0.5660 
0.5263  0.5094 
0.5395  0.4717 
0.5526  0.4528 
0.5658  0.4151 
0.5789  0.4057 
0.5921  0.3396 
0.6053  0.3019 
0.6184  0.2925 
0.6316  0.2830 
0.6447  0.2642 
0.6579  0.2453 
0.6711  0.2453 
0.6842  0.2453 
0.6974  0.2170 
0.7105  0.1981 
0.7237  0.1321 
0.7368  0.1321 
0.7500  0.0566 
0.7632  0.0566 
0.7763  0.0566 
0.7895  0.0377 
0.8026  0.0377 
0.8158  0.0377 
0.8289  0.0377 
0.8421  0.0377 
0.8553  0.0377 
0.8684  0.0377 
0.8816  0.0377 
0.8947  0.0377 
0.9079  0.0377 
0.9211  0.0377 
0.9342  0.0377 
0.9474  0.0377 
0.9605  0.0377 
0.9737  0.0189 
0.9868  0.0094 
1.0000  0.0000 
