0.0000  1.0000 
0.0127  0.9903 
0.0253  0.9806 
0.0380  0.9709 
0.0506  0.9417 
0.0633  0.9223 
0.0759  0.9126 
0.0886  0.9029 
0.1013  0.8932 
0.1139  0.8738 
0.1266  0.8641 
0.1392  0.8544 
0.1519  0.8350 
0.1646  0.8252 
0.1772  0.8155 
0.1899  0.8058 
0.2025  0.7961 
0.2152  0.7864 
0.2278  0.7476 
0.2405  0.7379 
0.2532  0.7184 
0.2658  0.7087 
0.2785  0.6990 
0.2911  0.6893 
0.3038  0.6796 
0.3165  0.6602 
0.3291  0.6408 
0.3418  0.6311 
0.3544  0.6117 
0.3671  0.6019 
0.3797  0.5922 
0.3924  0.5825 
0.4051  0.5728 
0.4177  0.5534 
0.4304  0.5437 
0.4430  0.4854 
0.4557  0.4660 
0.4684  0.4563 
0.4810  0.4466 
0.4937  0.4369 
0.5063  0.4272 
0.5190  0.4175 
0.5316  0.2524 
0.5443  0.2524 
0.5570  0.2427 
0.5696  0.2233 
0.5823  0.1650 
0.5949  0.1359 
0.6076  0.1359 
0.6203  0.1359 
0.6329  0.1359 
0.6456  0.1359 
0.6582  0.1359 
0.6709  0.1068 
0.6835  0.0971 
0.6962  0.0874 
0.7089  0.0777 
0.7215  0.0680 
0.7342  0.0583 
0.7468  0.0485 
0.7595  0.0485 
0.7722  0.0485 
0.7848  0.0485 
0.7975  0.0485 
0.8101  0.0485 
0.8228  0.0485 
0.8354  0.0485 
0.8481  0.0485 
0.8608  0.0485 
0.8734  0.0388 
0.8861  0.0291 
0.8987  0.0291 
0.9114  0.0291 
0.9241  0.0291 
0.9367  0.0291 
0.9494  0.0291 
0.9620  0.0291 
0.9747  0.0194 
0.9873  0.0097 
1.0000  0.0000 
