0.0000  1.0000 
0.0085  0.9819 
0.0169  0.9699 
0.0254  0.9639 
0.0339  0.9458 
0.0424  0.9398 
0.0508  0.9337 
0.0593  0.8855 
0.0678  0.8795 
0.0763  0.8614 
0.0847  0.8494 
0.0932  0.8434 
0.1017  0.8313 
0.1102  0.8253 
0.1186  0.8193 
0.1271  0.8133 
0.1356  0.7771 
0.1441  0.7711 
0.1525  0.7651 
0.1610  0.7590 
0.1695  0.7530 
0.1780  0.7470 
0.1864  0.7410 
0.1949  0.7349 
0.2034  0.7289 
0.2119  0.5422 
0.2203  0.5301 
0.2288  0.5060 
0.2373  0.5060 
0.2458  0.4759 
0.2542  0.4578 
0.2627  0.3795 
0.2712  0.3373 
0.2797  0.3313 
0.2881  0.3313 
0.2966  0.3313 
0.3051  0.3313 
0.3136  0.3313 
0.3220  0.3313 
0.3305  0.3313 
0.3390  0.3313 
0.3475  0.3313 
0.3559  0.3313 
0.3644  0.3313 
0.3729  0.3313 
0.3814  0.3313 
0.3898  0.3313 
0.3983  0.3313 
0.4068  0.3313 
0.4153  0.3313 
0.4237  0.3313 
0.4322  0.3313 
0.4407  0.3313 
0.4492  0.3313 
0.4576  0.3313 
0.4661  0.3313 
0.4746  0.3313 
0.4831  0.3313 
0.4915  0.3313 
0.5000  0.3313 
0.5085  0.3313 
0.5169  0.3313 
0.5254  0.3193 
0.5339  0.3133 
0.5424  0.2590 
0.5508  0.2229 
0.5593  0.2229 
0.5678  0.2229 
0.5763  0.2229 
0.5847  0.2229 
0.5932  0.2229 
0.6017  0.1145 
0.6102  0.1145 
0.6186  0.1084 
0.6271  0.0843 
0.6356  0.0843 
0.6441  0.0843 
0.6525  0.0843 
0.6610  0.0843 
0.6695  0.0843 
0.6780  0.0843 
0.6864  0.0843 
0.6949  0.0843 
0.7034  0.0843 
0.7119  0.0843 
0.7203  0.0843 
0.7288  0.0843 
0.7373  0.0843 
0.7458  0.0843 
0.7542  0.0843 
0.7627  0.0843 
0.7712  0.0843 
0.7797  0.0422 
0.7881  0.0301 
0.7966  0.0301 
0.8051  0.0301 
0.8136  0.0301 
0.8220  0.0301 
0.8305  0.0301 
0.8390  0.0301 
0.8475  0.0181 
0.8559  0.0181 
0.8644  0.0181 
0.8729  0.0181 
0.8814  0.0181 
0.8898  0.0181 
0.8983  0.0181 
0.9068  0.0181 
0.9153  0.0181 
0.9237  0.0181 
0.9322  0.0181 
0.9407  0.0181 
0.9492  0.0181 
0.9576  0.0181 
0.9661  0.0181 
0.9746  0.0181 
0.9831  0.0120 
0.9915  0.0060 
1.0000  0.0000 
