0.0000  1.0000 
0.0110  0.9717 
0.0220  0.9528 
0.0330  0.9340 
0.0440  0.9340 
0.0549  0.9057 
0.0659  0.9057 
0.0769  0.8962 
0.0879  0.8774 
0.0989  0.8679 
0.1099  0.8396 
0.1209  0.8396 
0.1319  0.8302 
0.1429  0.8208 
0.1538  0.8113 
0.1648  0.8019 
0.1758  0.7830 
0.1868  0.7736 
0.1978  0.7642 
0.2088  0.7358 
0.2198  0.7358 
0.2308  0.7264 
0.2418  0.7170 
0.2527  0.7075 
0.2637  0.6981 
0.2747  0.6792 
0.2857  0.6698 
0.2967  0.6604 
0.3077  0.6509 
0.3187  0.6321 
0.3297  0.6226 
0.3407  0.6132 
0.3516  0.6038 
0.3626  0.5849 
0.3736  0.5755 
0.3846  0.5660 
0.3956  0.5566 
0.4066  0.5377 
0.4176  0.5283 
0.4286  0.5189 
0.4396  0.5094 
0.4505  0.4811 
0.4615  0.4811 
0.4725  0.4717 
0.4835  0.4623 
0.4945  0.4528 
0.5055  0.2547 
0.5165  0.2547 
0.5275  0.2547 
0.5385  0.2547 
0.5495  0.2547 
0.5604  0.2547 
0.5714  0.2547 
0.5824  0.2547 
0.5934  0.2547 
0.6044  0.2547 
0.6154  0.2547 
0.6264  0.2547 
0.6374  0.2547 
0.6484  0.2547 
0.6593  0.2547 
0.6703  0.2547 
0.6813  0.2547 
0.6923  0.2547 
0.7033  0.2547 
0.7143  0.2453 
0.7253  0.2358 
0.7363  0.2264 
0.7473  0.2170 
0.7582  0.2075 
0.7692  0.1981 
0.7802  0.1887 
0.7912  0.1792 
0.8022  0.1698 
0.8132  0.1604 
0.8242  0.1509 
0.8352  0.1415 
0.8462  0.1321 
0.8571  0.1226 
0.8681  0.1132 
0.8791  0.1038 
0.8901  0.0943 
0.9011  0.0849 
0.9121  0.0755 
0.9231  0.0660 
0.9341  0.0566 
0.9451  0.0472 
0.9560  0.0377 
0.9670  0.0283 
0.9780  0.0189 
0.9890  0.0094 
1.0000  0.0000 
