0.0000  1.0000 
0.0099  0.9884 
0.0198  0.9711 
0.0297  0.9595 
0.0396  0.9249 
0.0495  0.8613 
0.0594  0.8555 
0.0693  0.8497 
0.0792  0.8382 
0.0891  0.8266 
0.0990  0.7919 
0.1089  0.7861 
0.1188  0.7630 
0.1287  0.7572 
0.1386  0.7399 
0.1485  0.7225 
0.1584  0.6705 
0.1683  0.6647 
0.1782  0.6532 
0.1881  0.6358 
0.1980  0.6301 
0.2079  0.6243 
0.2178  0.6185 
0.2277  0.6127 
0.2376  0.6069 
0.2475  0.5549 
0.2574  0.5491 
0.2673  0.2717 
0.2772  0.2659 
0.2871  0.2659 
0.2970  0.2659 
0.3069  0.2659 
0.3168  0.2659 
0.3267  0.2659 
0.3366  0.2659 
0.3465  0.1329 
0.3564  0.1329 
0.3663  0.1329 
0.3762  0.1329 
0.3861  0.1329 
0.3960  0.1329 
0.4059  0.1329 
0.4158  0.1329 
0.4257  0.1329 
0.4356  0.1329 
0.4455  0.0983 
0.4554  0.0983 
0.4653  0.0983 
0.4752  0.0983 
0.4851  0.0751 
0.4950  0.0751 
0.5050  0.0578 
0.5149  0.0578 
0.5248  0.0578 
0.5347  0.0578 
0.5446  0.0578 
0.5545  0.0578 
0.5644  0.0578 
0.5743  0.0578 
0.5842  0.0578 
0.5941  0.0578 
0.6040  0.0578 
0.6139  0.0578 
0.6238  0.0578 
0.6337  0.0578 
0.6436  0.0578 
0.6535  0.0578 
0.6634  0.0578 
0.6733  0.0289 
0.6832  0.0289 
0.6931  0.0289 
0.7030  0.0289 
0.7129  0.0289 
0.7228  0.0289 
0.7327  0.0289 
0.7426  0.0289 
0.7525  0.0289 
0.7624  0.0289 
0.7723  0.0289 
0.7822  0.0289 
0.7921  0.0289 
0.8020  0.0289 
0.8119  0.0289 
0.8218  0.0231 
0.8317  0.0231 
0.8416  0.0231 
0.8515  0.0231 
0.8614  0.0231 
0.8713  0.0231 
0.8812  0.0231 
0.8911  0.0173 
0.9010  0.0173 
0.9109  0.0173 
0.9208  0.0173 
0.9307  0.0173 
0.9406  0.0173 
0.9505  0.0173 
0.9604  0.0173 
0.9703  0.0173 
0.9802  0.0116 
0.9901  0.0058 
1.0000  0.0000 
