0.0000  1.0000 
0.0233  0.9848 
0.0465  0.9697 
0.0698  0.9545 
0.0930  0.9091 
0.1163  0.7727 
0.1395  0.7424 
0.1628  0.7273 
0.1860  0.6515 
0.2093  0.4848 
0.2326  0.4697 
0.2558  0.4545 
0.2791  0.4545 
0.3023  0.3939 
0.3256  0.3636 
0.3488  0.3333 
0.3721  0.3182 
0.3953  0.3030 
0.4186  0.2879 
0.4419  0.2727 
0.4651  0.2576 
0.4884  0.1515 
0.5116  0.1515 
0.5349  0.1212 
0.5581  0.0909 
0.5814  0.0909 
0.6047  0.0909 
0.6279  0.0758 
0.6512  0.0606 
0.6744  0.0606 
0.6977  0.0606 
0.7209  0.0606 
0.7442  0.0606 
0.7674  0.0606 
0.7907  0.0606 
0.8140  0.0606 
0.8372  0.0455 
0.8605  0.0303 
0.8837  0.0303 
0.9070  0.0303 
0.9302  0.0303 
0.9535  0.0303 
0.9767  0.0152 
1.0000  0.0000 
