0.0000  1.0000 
0.0056  0.9950 
0.0112  0.9901 
0.0168  0.9851 
0.0223  0.9703 
0.0279  0.9604 
0.0335  0.9505 
0.0391  0.9505 
0.0447  0.9455 
0.0503  0.9307 
0.0559  0.9307 
0.0615  0.9257 
0.0670  0.9208 
0.0726  0.9158 
0.0782  0.9059 
0.0838  0.9010 
0.0894  0.8960 
0.0950  0.8911 
0.1006  0.8762 
0.1061  0.8762 
0.1117  0.8713 
0.1173  0.8663 
0.1229  0.8465 
0.1285  0.8465 
0.1341  0.8465 
0.1397  0.8416 
0.1453  0.8366 
0.1508  0.8317 
0.1564  0.8267 
0.1620  0.8218 
0.1676  0.8119 
0.1732  0.8069 
0.1788  0.8020 
0.1844  0.7970 
0.1899  0.7921 
0.1955  0.7871 
0.2011  0.7822 
0.2067  0.7723 
0.2123  0.7673 
0.2179  0.7624 
0.2235  0.7574 
0.2291  0.7525 
0.2346  0.7475 
0.2402  0.7327 
0.2458  0.7327 
0.2514  0.7277 
0.2570  0.7030 
0.2626  0.7030 
0.2682  0.7030 
0.2737  0.7030 
0.2793  0.6980 
0.2849  0.6733 
0.2905  0.6733 
0.2961  0.6733 
0.3017  0.6733 
0.3073  0.6683 
0.3128  0.6634 
0.3184  0.6584 
0.3240  0.6535 
0.3296  0.6485 
0.3352  0.6436 
0.3408  0.6386 
0.3464  0.6337 
0.3520  0.6287 
0.3575  0.6089 
0.3631  0.6089 
0.3687  0.6089 
0.3743  0.6040 
0.3799  0.5990 
0.3855  0.5842 
0.3911  0.5842 
0.3966  0.5792 
0.4022  0.5743 
0.4078  0.5693 
0.4134  0.5644 
0.4190  0.5347 
0.4246  0.5347 
0.4302  0.5347 
0.4358  0.5347 
0.4413  0.5347 
0.4469  0.5297 
0.4525  0.5248 
0.4581  0.5198 
0.4637  0.5149 
0.4693  0.5099 
0.4749  0.5050 
0.4804  0.5000 
0.4860  0.4752 
0.4916  0.4455 
0.4972  0.4455 
0.5028  0.4455 
0.5084  0.4455 
0.5140  0.4455 
0.5196  0.4455 
0.5251  0.4455 
0.5307  0.4455 
0.5363  0.4406 
0.5419  0.4109 
0.5475  0.4109 
0.5531  0.4109 
0.5587  0.4109 
0.5642  0.4109 
0.5698  0.4059 
0.5754  0.4010 
0.5810  0.3960 
0.5866  0.3861 
0.5922  0.3812 
0.5978  0.2970 
0.6034  0.2624 
0.6089  0.2624 
0.6145  0.2624 
0.6201  0.2624 
0.6257  0.2624 
0.6313  0.2624 
0.6369  0.2574 
0.6425  0.2525 
0.6480  0.2475 
0.6536  0.2426 
0.6592  0.2277 
0.6648  0.2277 
0.6704  0.2277 
0.6760  0.2277 
0.6816  0.2277 
0.6872  0.2277 
0.6927  0.2277 
0.6983  0.2277 
0.7039  0.2277 
0.7095  0.2277 
0.7151  0.2277 
0.7207  0.2277 
0.7263  0.2277 
0.7318  0.2277 
0.7374  0.2277 
0.7430  0.2277 
0.7486  0.2228 
0.7542  0.2178 
0.7598  0.2129 
0.7654  0.2079 
0.7709  0.2030 
0.7765  0.1980 
0.7821  0.1931 
0.7877  0.1881 
0.7933  0.1832 
0.7989  0.1782 
0.8045  0.1733 
0.8101  0.1683 
0.8156  0.1634 
0.8212  0.1584 
0.8268  0.1535 
0.8324  0.1485 
0.8380  0.1436 
0.8436  0.1386 
0.8492  0.1337 
0.8547  0.1287 
0.8603  0.1238 
0.8659  0.1188 
0.8715  0.1139 
0.8771  0.1089 
0.8827  0.1040 
0.8883  0.0990 
0.8939  0.0941 
0.8994  0.0891 
0.9050  0.0842 
0.9106  0.0792 
0.9162  0.0743 
0.9218  0.0693 
0.9274  0.0644 
0.9330  0.0594 
0.9385  0.0545 
0.9441  0.0495 
0.9497  0.0446 
0.9553  0.0396 
0.9609  0.0347 
0.9665  0.0297 
0.9721  0.0248 
0.9777  0.0198 
0.9832  0.0149 
0.9888  0.0099 
0.9944  0.0050 
1.0000  0.0000 
