0.0000  1.0000 
0.0011  0.9960 
0.0023  0.9950 
0.0034  0.9880 
0.0045  0.9819 
0.0057  0.9759 
0.0068  0.9749 
0.0079  0.9719 
0.0091  0.9699 
0.0102  0.9679 
0.0113  0.9669 
0.0125  0.9659 
0.0136  0.9649 
0.0147  0.9639 
0.0159  0.9629 
0.0170  0.9618 
0.0181  0.9588 
0.0193  0.9568 
0.0204  0.9548 
0.0215  0.9538 
0.0227  0.9528 
0.0238  0.9518 
0.0249  0.9508 
0.0260  0.9498 
0.0272  0.9488 
0.0283  0.9478 
0.0294  0.9468 
0.0306  0.9458 
0.0317  0.9448 
0.0328  0.9428 
0.0340  0.9418 
0.0351  0.9408 
0.0362  0.9398 
0.0374  0.9388 
0.0385  0.9378 
0.0396  0.9347 
0.0408  0.9337 
0.0419  0.9327 
0.0430  0.9317 
0.0442  0.9307 
0.0453  0.9297 
0.0464  0.9287 
0.0476  0.9267 
0.0487  0.9257 
0.0498  0.9247 
0.0510  0.9227 
0.0521  0.9217 
0.0532  0.9207 
0.0544  0.9197 
0.0555  0.9177 
0.0566  0.9167 
0.0578  0.9157 
0.0589  0.9147 
0.0600  0.9137 
0.0612  0.9127 
0.0623  0.9116 
0.0634  0.9106 
0.0646  0.9096 
0.0657  0.9086 
0.0668  0.9046 
0.0680  0.9036 
0.0691  0.9026 
0.0702  0.9016 
0.0713  0.9006 
0.0725  0.8996 
0.0736  0.8986 
0.0747  0.8926 
0.0759  0.8916 
0.0770  0.8906 
0.0781  0.8886 
0.0793  0.8876 
0.0804  0.8865 
0.0815  0.8855 
0.0827  0.8845 
0.0838  0.8835 
0.0849  0.8825 
0.0861  0.8805 
0.0872  0.8785 
0.0883  0.8775 
0.0895  0.8765 
0.0906  0.8755 
0.0917  0.8735 
0.0929  0.8725 
0.0940  0.8715 
0.0951  0.8705 
0.0963  0.8695 
0.0974  0.8685 
0.0985  0.8675 
0.0997  0.8665 
0.1008  0.8655 
0.1019  0.8645 
0.1031  0.8635 
0.1042  0.8624 
0.1053  0.8544 
0.1065  0.8534 
0.1076  0.8524 
0.1087  0.8514 
0.1099  0.8504 
0.1110  0.8474 
0.1121  0.8464 
0.1133  0.8454 
0.1144  0.8444 
0.1155  0.8414 
0.1166  0.8404 
0.1178  0.8394 
0.1189  0.8384 
0.1200  0.8373 
0.1212  0.8363 
0.1223  0.8353 
0.1234  0.8313 
0.1246  0.8223 
0.1257  0.8173 
0.1268  0.8163 
0.1280  0.8153 
0.1291  0.8143 
0.1302  0.8133 
0.1314  0.8122 
0.1325  0.8092 
0.1336  0.8082 
0.1348  0.8072 
0.1359  0.8062 
0.1370  0.8052 
0.1382  0.8032 
0.1393  0.8022 
0.1404  0.7992 
0.1416  0.7982 
0.1427  0.7972 
0.1438  0.7962 
0.1450  0.7952 
0.1461  0.7942 
0.1472  0.7871 
0.1484  0.7841 
0.1495  0.7831 
0.1506  0.7811 
0.1518  0.7731 
0.1529  0.7721 
0.1540  0.7711 
0.1552  0.7701 
0.1563  0.7691 
0.1574  0.7681 
0.1586  0.7671 
0.1597  0.7661 
0.1608  0.7651 
0.1619  0.7641 
0.1631  0.7600 
0.1642  0.7590 
0.1653  0.7580 
0.1665  0.7570 
0.1676  0.7560 
0.1687  0.7550 
0.1699  0.7540 
0.1710  0.7530 
0.1721  0.7520 
0.1733  0.7510 
0.1744  0.7500 
0.1755  0.7490 
0.1767  0.7410 
0.1778  0.7400 
0.1789  0.7390 
0.1801  0.7380 
0.1812  0.7369 
0.1823  0.7359 
0.1835  0.7349 
0.1846  0.7339 
0.1857  0.7279 
0.1869  0.7269 
0.1880  0.7259 
0.1891  0.7249 
0.1903  0.7239 
0.1914  0.7219 
0.1925  0.7149 
0.1937  0.6687 
0.1948  0.6677 
0.1959  0.6667 
0.1971  0.6657 
0.1982  0.6647 
0.1993  0.6637 
0.2005  0.6627 
0.2016  0.6616 
0.2027  0.6606 
0.2039  0.6566 
0.2050  0.6556 
0.2061  0.6546 
0.2072  0.6456 
0.2084  0.6446 
0.2095  0.6386 
0.2106  0.6376 
0.2118  0.5964 
0.2129  0.5964 
0.2140  0.5934 
0.2152  0.5924 
0.2163  0.5914 
0.2174  0.5813 
0.2186  0.5803 
0.2197  0.5793 
0.2208  0.5492 
0.2220  0.5482 
0.2231  0.5432 
0.2242  0.5422 
0.2254  0.5382 
0.2265  0.5371 
0.2276  0.5361 
0.2288  0.5351 
0.2299  0.5341 
0.2310  0.5331 
0.2322  0.5321 
0.2333  0.5311 
0.2344  0.5301 
0.2356  0.5291 
0.2367  0.5281 
0.2378  0.5271 
0.2390  0.5151 
0.2401  0.5141 
0.2412  0.5131 
0.2424  0.5120 
0.2435  0.4508 
0.2446  0.4498 
0.2458  0.4468 
0.2469  0.4458 
0.2480  0.4458 
0.2492  0.4458 
0.2503  0.4458 
0.2514  0.4458 
0.2525  0.4458 
0.2537  0.4458 
0.2548  0.4458 
0.2559  0.4458 
0.2571  0.4458 
0.2582  0.4458 
0.2593  0.4458 
0.2605  0.4458 
0.2616  0.4458 
0.2627  0.4458 
0.2639  0.4458 
0.2650  0.4458 
0.2661  0.4458 
0.2673  0.4458 
0.2684  0.4458 
0.2695  0.4458 
0.2707  0.4458 
0.2718  0.4458 
0.2729  0.4458 
0.2741  0.4458 
0.2752  0.4458 
0.2763  0.4458 
0.2775  0.4458 
0.2786  0.4458 
0.2797  0.4458 
0.2809  0.4458 
0.2820  0.4458 
0.2831  0.4458 
0.2843  0.4458 
0.2854  0.4458 
0.2865  0.4458 
0.2877  0.4458 
0.2888  0.4458 
0.2899  0.4458 
0.2911  0.4458 
0.2922  0.4458 
0.2933  0.4458 
0.2945  0.4458 
0.2956  0.4458 
0.2967  0.4458 
0.2978  0.4448 
0.2990  0.4438 
0.3001  0.4428 
0.3012  0.4418 
0.3024  0.4408 
0.3035  0.3966 
0.3046  0.3956 
0.3058  0.3404 
0.3069  0.3394 
0.3080  0.3384 
0.3092  0.3373 
0.3103  0.3233 
0.3114  0.3233 
0.3126  0.3143 
0.3137  0.3012 
0.3148  0.2711 
0.3160  0.2711 
0.3171  0.2530 
0.3182  0.1928 
0.3194  0.1888 
0.3205  0.1576 
0.3216  0.1576 
0.3228  0.1305 
0.3239  0.1295 
0.3250  0.1285 
0.3262  0.1275 
0.3273  0.1014 
0.3284  0.0884 
0.3296  0.0602 
0.3307  0.0602 
0.3318  0.0602 
0.3330  0.0602 
0.3341  0.0602 
0.3352  0.0602 
0.3364  0.0602 
0.3375  0.0602 
0.3386  0.0602 
0.3398  0.0602 
0.3409  0.0602 
0.3420  0.0602 
0.3431  0.0602 
0.3443  0.0602 
0.3454  0.0602 
0.3465  0.0602 
0.3477  0.0602 
0.3488  0.0602 
0.3499  0.0602 
0.3511  0.0602 
0.3522  0.0602 
0.3533  0.0602 
0.3545  0.0602 
0.3556  0.0602 
0.3567  0.0602 
0.3579  0.0602 
0.3590  0.0602 
0.3601  0.0602 
0.3613  0.0602 
0.3624  0.0602 
0.3635  0.0602 
0.3647  0.0602 
0.3658  0.0602 
0.3669  0.0602 
0.3681  0.0602 
0.3692  0.0602 
0.3703  0.0602 
0.3715  0.0602 
0.3726  0.0602 
0.3737  0.0602 
0.3749  0.0602 
0.3760  0.0602 
0.3771  0.0602 
0.3783  0.0602 
0.3794  0.0602 
0.3805  0.0602 
0.3817  0.0602 
0.3828  0.0602 
0.3839  0.0602 
0.3851  0.0602 
0.3862  0.0522 
0.3873  0.0522 
0.3884  0.0522 
0.3896  0.0522 
0.3907  0.0522 
0.3918  0.0522 
0.3930  0.0522 
0.3941  0.0522 
0.3952  0.0522 
0.3964  0.0522 
0.3975  0.0522 
0.3986  0.0522 
0.3998  0.0522 
0.4009  0.0522 
0.4020  0.0522 
0.4032  0.0522 
0.4043  0.0522 
0.4054  0.0522 
0.4066  0.0522 
0.4077  0.0522 
0.4088  0.0522 
0.4100  0.0522 
0.4111  0.0522 
0.4122  0.0522 
0.4134  0.0522 
0.4145  0.0522 
0.4156  0.0522 
0.4168  0.0522 
0.4179  0.0522 
0.4190  0.0522 
0.4202  0.0522 
0.4213  0.0522 
0.4224  0.0522 
0.4236  0.0522 
0.4247  0.0522 
0.4258  0.0522 
0.4270  0.0522 
0.4281  0.0522 
0.4292  0.0522 
0.4304  0.0522 
0.4315  0.0522 
0.4326  0.0522 
0.4337  0.0512 
0.4349  0.0502 
0.4360  0.0492 
0.4371  0.0482 
0.4383  0.0472 
0.4394  0.0462 
0.4405  0.0452 
0.4417  0.0442 
0.4428  0.0432 
0.4439  0.0422 
0.4451  0.0412 
0.4462  0.0402 
0.4473  0.0392 
0.4485  0.0392 
0.4496  0.0392 
0.4507  0.0392 
0.4519  0.0392 
0.4530  0.0392 
0.4541  0.0392 
0.4553  0.0392 
0.4564  0.0392 
0.4575  0.0392 
0.4587  0.0392 
0.4598  0.0392 
0.4609  0.0392 
0.4621  0.0392 
0.4632  0.0392 
0.4643  0.0392 
0.4655  0.0392 
0.4666  0.0392 
0.4677  0.0392 
0.4689  0.0392 
0.4700  0.0392 
0.4711  0.0392 
0.4723  0.0392 
0.4734  0.0392 
0.4745  0.0392 
0.4757  0.0392 
0.4768  0.0392 
0.4779  0.0392 
0.4790  0.0392 
0.4802  0.0392 
0.4813  0.0392 
0.4824  0.0392 
0.4836  0.0392 
0.4847  0.0392 
0.4858  0.0392 
0.4870  0.0392 
0.4881  0.0392 
0.4892  0.0392 
0.4904  0.0392 
0.4915  0.0392 
0.4926  0.0392 
0.4938  0.0392 
0.4949  0.0392 
0.4960  0.0392 
0.4972  0.0392 
0.4983  0.0392 
0.4994  0.0392 
0.5006  0.0392 
0.5017  0.0392 
0.5028  0.0392 
0.5040  0.0392 
0.5051  0.0392 
0.5062  0.0392 
0.5074  0.0392 
0.5085  0.0392 
0.5096  0.0392 
0.5108  0.0392 
0.5119  0.0392 
0.5130  0.0392 
0.5142  0.0392 
0.5153  0.0392 
0.5164  0.0392 
0.5176  0.0392 
0.5187  0.0392 
0.5198  0.0392 
0.5210  0.0392 
0.5221  0.0392 
0.5232  0.0392 
0.5243  0.0392 
0.5255  0.0392 
0.5266  0.0392 
0.5277  0.0392 
0.5289  0.0392 
0.5300  0.0392 
0.5311  0.0392 
0.5323  0.0392 
0.5334  0.0392 
0.5345  0.0392 
0.5357  0.0392 
0.5368  0.0392 
0.5379  0.0392 
0.5391  0.0392 
0.5402  0.0392 
0.5413  0.0392 
0.5425  0.0392 
0.5436  0.0392 
0.5447  0.0392 
0.5459  0.0392 
0.5470  0.0392 
0.5481  0.0392 
0.5493  0.0392 
0.5504  0.0392 
0.5515  0.0392 
0.5527  0.0392 
0.5538  0.0392 
0.5549  0.0392 
0.5561  0.0392 
0.5572  0.0392 
0.5583  0.0392 
0.5595  0.0392 
0.5606  0.0392 
0.5617  0.0392 
0.5629  0.0392 
0.5640  0.0392 
0.5651  0.0392 
0.5663  0.0392 
0.5674  0.0392 
0.5685  0.0392 
0.5696  0.0392 
0.5708  0.0392 
0.5719  0.0392 
0.5730  0.0382 
0.5742  0.0371 
0.5753  0.0361 
0.5764  0.0351 
0.5776  0.0341 
0.5787  0.0331 
0.5798  0.0321 
0.5810  0.0311 
0.5821  0.0301 
0.5832  0.0291 
0.5844  0.0291 
0.5855  0.0291 
0.5866  0.0291 
0.5878  0.0291 
0.5889  0.0291 
0.5900  0.0291 
0.5912  0.0291 
0.5923  0.0291 
0.5934  0.0291 
0.5946  0.0291 
0.5957  0.0291 
0.5968  0.0291 
0.5980  0.0291 
0.5991  0.0291 
0.6002  0.0291 
0.6014  0.0291 
0.6025  0.0291 
0.6036  0.0291 
0.6048  0.0291 
0.6059  0.0291 
0.6070  0.0291 
0.6082  0.0291 
0.6093  0.0291 
0.6104  0.0291 
0.6116  0.0291 
0.6127  0.0291 
0.6138  0.0291 
0.6149  0.0291 
0.6161  0.0291 
0.6172  0.0291 
0.6183  0.0291 
0.6195  0.0291 
0.6206  0.0291 
0.6217  0.0291 
0.6229  0.0291 
0.6240  0.0291 
0.6251  0.0291 
0.6263  0.0291 
0.6274  0.0291 
0.6285  0.0291 
0.6297  0.0291 
0.6308  0.0291 
0.6319  0.0291 
0.6331  0.0291 
0.6342  0.0291 
0.6353  0.0291 
0.6365  0.0291 
0.6376  0.0291 
0.6387  0.0291 
0.6399  0.0291 
0.6410  0.0291 
0.6421  0.0291 
0.6433  0.0291 
0.6444  0.0291 
0.6455  0.0291 
0.6467  0.0291 
0.6478  0.0291 
0.6489  0.0291 
0.6501  0.0291 
0.6512  0.0291 
0.6523  0.0291 
0.6535  0.0291 
0.6546  0.0291 
0.6557  0.0291 
0.6569  0.0291 
0.6580  0.0291 
0.6591  0.0291 
0.6602  0.0291 
0.6614  0.0291 
0.6625  0.0291 
0.6636  0.0291 
0.6648  0.0291 
0.6659  0.0291 
0.6670  0.0291 
0.6682  0.0291 
0.6693  0.0291 
0.6704  0.0291 
0.6716  0.0291 
0.6727  0.0291 
0.6738  0.0291 
0.6750  0.0291 
0.6761  0.0291 
0.6772  0.0291 
0.6784  0.0291 
0.6795  0.0291 
0.6806  0.0291 
0.6818  0.0291 
0.6829  0.0291 
0.6840  0.0291 
0.6852  0.0291 
0.6863  0.0291 
0.6874  0.0291 
0.6886  0.0291 
0.6897  0.0291 
0.6908  0.0291 
0.6920  0.0291 
0.6931  0.0291 
0.6942  0.0291 
0.6954  0.0291 
0.6965  0.0291 
0.6976  0.0291 
0.6988  0.0291 
0.6999  0.0291 
0.7010  0.0291 
0.7022  0.0291 
0.7033  0.0291 
0.7044  0.0291 
0.7055  0.0291 
0.7067  0.0291 
0.7078  0.0291 
0.7089  0.0291 
0.7101  0.0291 
0.7112  0.0291 
0.7123  0.0291 
0.7135  0.0291 
0.7146  0.0291 
0.7157  0.0291 
0.7169  0.0291 
0.7180  0.0291 
0.7191  0.0291 
0.7203  0.0291 
0.7214  0.0291 
0.7225  0.0291 
0.7237  0.0291 
0.7248  0.0291 
0.7259  0.0291 
0.7271  0.0291 
0.7282  0.0291 
0.7293  0.0291 
0.7305  0.0291 
0.7316  0.0291 
0.7327  0.0291 
0.7339  0.0291 
0.7350  0.0291 
0.7361  0.0291 
0.7373  0.0291 
0.7384  0.0281 
0.7395  0.0271 
0.7407  0.0271 
0.7418  0.0271 
0.7429  0.0271 
0.7441  0.0271 
0.7452  0.0271 
0.7463  0.0271 
0.7475  0.0271 
0.7486  0.0271 
0.7497  0.0271 
0.7508  0.0271 
0.7520  0.0271 
0.7531  0.0271 
0.7542  0.0271 
0.7554  0.0271 
0.7565  0.0271 
0.7576  0.0271 
0.7588  0.0271 
0.7599  0.0271 
0.7610  0.0271 
0.7622  0.0271 
0.7633  0.0271 
0.7644  0.0271 
0.7656  0.0271 
0.7667  0.0271 
0.7678  0.0271 
0.7690  0.0271 
0.7701  0.0271 
0.7712  0.0271 
0.7724  0.0271 
0.7735  0.0271 
0.7746  0.0271 
0.7758  0.0271 
0.7769  0.0271 
0.7780  0.0271 
0.7792  0.0271 
0.7803  0.0271 
0.7814  0.0271 
0.7826  0.0271 
0.7837  0.0271 
0.7848  0.0271 
0.7860  0.0271 
0.7871  0.0271 
0.7882  0.0271 
0.7894  0.0271 
0.7905  0.0271 
0.7916  0.0271 
0.7928  0.0271 
0.7939  0.0271 
0.7950  0.0271 
0.7961  0.0271 
0.7973  0.0271 
0.7984  0.0271 
0.7995  0.0271 
0.8007  0.0271 
0.8018  0.0271 
0.8029  0.0271 
0.8041  0.0271 
0.8052  0.0271 
0.8063  0.0271 
0.8075  0.0271 
0.8086  0.0271 
0.8097  0.0271 
0.8109  0.0271 
0.8120  0.0271 
0.8131  0.0271 
0.8143  0.0271 
0.8154  0.0271 
0.8165  0.0271 
0.8177  0.0271 
0.8188  0.0271 
0.8199  0.0271 
0.8211  0.0271 
0.8222  0.0271 
0.8233  0.0271 
0.8245  0.0271 
0.8256  0.0271 
0.8267  0.0271 
0.8279  0.0271 
0.8290  0.0271 
0.8301  0.0271 
0.8313  0.0271 
0.8324  0.0271 
0.8335  0.0271 
0.8347  0.0271 
0.8358  0.0271 
0.8369  0.0271 
0.8381  0.0271 
0.8392  0.0271 
0.8403  0.0271 
0.8414  0.0271 
0.8426  0.0261 
0.8437  0.0251 
0.8448  0.0241 
0.8460  0.0231 
0.8471  0.0231 
0.8482  0.0231 
0.8494  0.0231 
0.8505  0.0231 
0.8516  0.0231 
0.8528  0.0231 
0.8539  0.0231 
0.8550  0.0231 
0.8562  0.0231 
0.8573  0.0231 
0.8584  0.0231 
0.8596  0.0231 
0.8607  0.0231 
0.8618  0.0231 
0.8630  0.0231 
0.8641  0.0231 
0.8652  0.0231 
0.8664  0.0231 
0.8675  0.0231 
0.8686  0.0231 
0.8698  0.0231 
0.8709  0.0231 
0.8720  0.0231 
0.8732  0.0231 
0.8743  0.0231 
0.8754  0.0231 
0.8766  0.0231 
0.8777  0.0231 
0.8788  0.0231 
0.8800  0.0231 
0.8811  0.0231 
0.8822  0.0231 
0.8834  0.0231 
0.8845  0.0231 
0.8856  0.0231 
0.8867  0.0231 
0.8879  0.0231 
0.8890  0.0231 
0.8901  0.0231 
0.8913  0.0231 
0.8924  0.0231 
0.8935  0.0231 
0.8947  0.0231 
0.8958  0.0231 
0.8969  0.0231 
0.8981  0.0231 
0.8992  0.0231 
0.9003  0.0231 
0.9015  0.0231 
0.9026  0.0231 
0.9037  0.0231 
0.9049  0.0231 
0.9060  0.0231 
0.9071  0.0231 
0.9083  0.0231 
0.9094  0.0231 
0.9105  0.0231 
0.9117  0.0231 
0.9128  0.0231 
0.9139  0.0231 
0.9151  0.0231 
0.9162  0.0231 
0.9173  0.0231 
0.9185  0.0231 
0.9196  0.0231 
0.9207  0.0231 
0.9219  0.0231 
0.9230  0.0231 
0.9241  0.0231 
0.9253  0.0231 
0.9264  0.0231 
0.9275  0.0231 
0.9287  0.0231 
0.9298  0.0231 
0.9309  0.0231 
0.9320  0.0231 
0.9332  0.0231 
0.9343  0.0231 
0.9354  0.0231 
0.9366  0.0231 
0.9377  0.0231 
0.9388  0.0231 
0.9400  0.0231 
0.9411  0.0231 
0.9422  0.0231 
0.9434  0.0231 
0.9445  0.0231 
0.9456  0.0231 
0.9468  0.0231 
0.9479  0.0231 
0.9490  0.0231 
0.9502  0.0231 
0.9513  0.0231 
0.9524  0.0231 
0.9536  0.0231 
0.9547  0.0231 
0.9558  0.0231 
0.9570  0.0231 
0.9581  0.0231 
0.9592  0.0231 
0.9604  0.0231 
0.9615  0.0231 
0.9626  0.0231 
0.9638  0.0231 
0.9649  0.0221 
0.9660  0.0211 
0.9672  0.0201 
0.9683  0.0191 
0.9694  0.0181 
0.9706  0.0171 
0.9717  0.0161 
0.9728  0.0151 
0.9740  0.0141 
0.9751  0.0131 
0.9762  0.0120 
0.9773  0.0110 
0.9785  0.0100 
0.9796  0.0090 
0.9807  0.0080 
0.9819  0.0070 
0.9830  0.0060 
0.9841  0.0050 
0.9853  0.0050 
0.9864  0.0050 
0.9875  0.0050 
0.9887  0.0050 
0.9898  0.0040 
0.9909  0.0030 
0.9921  0.0030 
0.9932  0.0030 
0.9943  0.0020 
0.9955  0.0020 
0.9966  0.0020 
0.9977  0.0020 
0.9989  0.0010 
1.0000  0.0000 
