0.0000  1.0000 
0.0233  0.9412 
0.0465  0.9265 
0.0698  0.8676 
0.0930  0.8088 
0.1163  0.7794 
0.1395  0.7647 
0.1628  0.7500 
0.1860  0.6912 
0.2093  0.6471 
0.2326  0.6324 
0.2558  0.6176 
0.2791  0.6029 
0.3023  0.5882 
0.3256  0.5735 
0.3488  0.5441 
0.3721  0.5000 
0.3953  0.4412 
0.4186  0.4265 
0.4419  0.3529 
0.4651  0.2941 
0.4884  0.2353 
0.5116  0.0882 
0.5349  0.0882 
0.5581  0.0441 
0.5814  0.0441 
0.6047  0.0441 
0.6279  0.0441 
0.6512  0.0441 
0.6744  0.0441 
0.6977  0.0441 
0.7209  0.0441 
0.7442  0.0441 
0.7674  0.0441 
0.7907  0.0294 
0.8140  0.0294 
0.8372  0.0294 
0.8605  0.0294 
0.8837  0.0294 
0.9070  0.0294 
0.9302  0.0294 
0.9535  0.0294 
0.9767  0.0147 
1.0000  0.0000 
