0.0000  1.0000 
0.0179  0.9841 
0.0357  0.9683 
0.0536  0.9524 
0.0714  0.9365 
0.0893  0.9206 
0.1071  0.8730 
0.1250  0.8571 
0.1429  0.8413 
0.1607  0.8254 
0.1786  0.8095 
0.1964  0.7937 
0.2143  0.7778 
0.2321  0.7619 
0.2500  0.7460 
0.2679  0.6508 
0.2857  0.3651 
0.3036  0.3492 
0.3214  0.2857 
0.3393  0.2857 
0.3571  0.2857 
0.3750  0.2698 
0.3929  0.2540 
0.4107  0.2381 
0.4286  0.2222 
0.4464  0.2063 
0.4643  0.1905 
0.4821  0.1746 
0.5000  0.1587 
0.5179  0.1429 
0.5357  0.1270 
0.5536  0.1111 
0.5714  0.0952 
0.5893  0.0952 
0.6071  0.0952 
0.6250  0.0952 
0.6429  0.0952 
0.6607  0.0952 
0.6786  0.0952 
0.6964  0.0952 
0.7143  0.0952 
0.7321  0.0794 
0.7500  0.0794 
0.7679  0.0794 
0.7857  0.0794 
0.8036  0.0794 
0.8214  0.0635 
0.8393  0.0476 
0.8571  0.0476 
0.8750  0.0476 
0.8929  0.0476 
0.9107  0.0476 
0.9286  0.0476 
0.9464  0.0476 
0.9643  0.0317 
0.9821  0.0159 
1.0000  0.0000 
