0.0000  1.0000 
0.0227  0.9831 
0.0455  0.9661 
0.0682  0.9492 
0.0909  0.9322 
0.1136  0.9153 
0.1364  0.8983 
0.1591  0.8814 
0.1818  0.8475 
0.2045  0.8305 
0.2273  0.8136 
0.2500  0.7966 
0.2727  0.7797 
0.2955  0.7627 
0.3182  0.7458 
0.3409  0.7288 
0.3636  0.7119 
0.3864  0.6949 
0.4091  0.6441 
0.4318  0.6271 
0.4545  0.6102 
0.4773  0.5932 
0.5000  0.5763 
0.5227  0.5593 
0.5455  0.5254 
0.5682  0.5085 
0.5909  0.4915 
0.6136  0.4746 
0.6364  0.4407 
0.6591  0.2881 
0.6818  0.2881 
0.7045  0.1186 
0.7273  0.1186 
0.7500  0.1186 
0.7727  0.0678 
0.7955  0.0508 
0.8182  0.0339 
0.8409  0.0339 
0.8636  0.0339 
0.8864  0.0339 
0.9091  0.0339 
0.9318  0.0339 
0.9545  0.0339 
0.9773  0.0169 
1.0000  0.0000 
