0.0000  1.0000 
0.0303  0.9744 
0.0606  0.9487 
0.0909  0.9231 
0.1212  0.8974 
0.1515  0.8718 
0.1818  0.8462 
0.2121  0.8205 
0.2424  0.7436 
0.2727  0.6923 
0.3030  0.6667 
0.3333  0.4103 
0.3636  0.3333 
0.3939  0.3077 
0.4242  0.2308 
0.4545  0.2308 
0.4848  0.2308 
0.5152  0.2308 
0.5455  0.2308 
0.5758  0.2308 
0.6061  0.2308 
0.6364  0.2308 
0.6667  0.2308 
0.6970  0.2051 
0.7273  0.1795 
0.7576  0.1538 
0.7879  0.1282 
0.8182  0.1026 
0.8485  0.0769 
0.8788  0.0513 
0.9091  0.0513 
0.9394  0.0513 
0.9697  0.0256 
1.0000  0.0000 
