0.0000  1.0000 
0.0123  0.9817 
0.0247  0.9725 
0.0370  0.9633 
0.0494  0.9450 
0.0617  0.9266 
0.0741  0.9083 
0.0864  0.8899 
0.0988  0.8807 
0.1111  0.8624 
0.1235  0.8440 
0.1358  0.8349 
0.1481  0.8257 
0.1605  0.8165 
0.1728  0.8073 
0.1852  0.7982 
0.1975  0.7798 
0.2099  0.7706 
0.2222  0.7615 
0.2346  0.7523 
0.2469  0.7431 
0.2593  0.7339 
0.2716  0.7248 
0.2840  0.6789 
0.2963  0.6697 
0.3086  0.6606 
0.3210  0.6422 
0.3333  0.6055 
0.3457  0.5872 
0.3580  0.5780 
0.3704  0.5688 
0.3827  0.5596 
0.3951  0.5138 
0.4074  0.5046 
0.4198  0.4128 
0.4321  0.4037 
0.4444  0.3945 
0.4568  0.2661 
0.4691  0.2661 
0.4815  0.1468 
0.4938  0.1468 
0.5062  0.1009 
0.5185  0.0826 
0.5309  0.0826 
0.5432  0.0642 
0.5556  0.0642 
0.5679  0.0642 
0.5802  0.0642 
0.5926  0.0642 
0.6049  0.0642 
0.6173  0.0550 
0.6296  0.0550 
0.6420  0.0550 
0.6543  0.0550 
0.6667  0.0550 
0.6790  0.0550 
0.6914  0.0459 
0.7037  0.0459 
0.7160  0.0459 
0.7284  0.0459 
0.7407  0.0459 
0.7531  0.0459 
0.7654  0.0459 
0.7778  0.0459 
0.7901  0.0459 
0.8025  0.0459 
0.8148  0.0459 
0.8272  0.0459 
0.8395  0.0459 
0.8519  0.0459 
0.8642  0.0459 
0.8765  0.0459 
0.8889  0.0459 
0.9012  0.0367 
0.9136  0.0275 
0.9259  0.0275 
0.9383  0.0275 
0.9506  0.0183 
0.9630  0.0183 
0.9753  0.0183 
0.9877  0.0092 
1.0000  0.0000 
