0.0000  1.0000 
0.0095  0.9930 
0.0190  0.9859 
0.0286  0.9789 
0.0381  0.9648 
0.0476  0.9577 
0.0571  0.9507 
0.0667  0.9437 
0.0762  0.9366 
0.0857  0.9296 
0.0952  0.9225 
0.1048  0.9085 
0.1143  0.8944 
0.1238  0.8873 
0.1333  0.8803 
0.1429  0.8732 
0.1524  0.8662 
0.1619  0.8592 
0.1714  0.8451 
0.1810  0.8380 
0.1905  0.8310 
0.2000  0.8239 
0.2095  0.8169 
0.2190  0.8099 
0.2286  0.8028 
0.2381  0.7746 
0.2476  0.7676 
0.2571  0.7606 
0.2667  0.7465 
0.2762  0.7183 
0.2857  0.7042 
0.2952  0.6479 
0.3048  0.6197 
0.3143  0.6127 
0.3238  0.6056 
0.3333  0.5423 
0.3429  0.5141 
0.3524  0.5070 
0.3619  0.5000 
0.3714  0.4859 
0.3810  0.4437 
0.3905  0.4366 
0.4000  0.2535 
0.4095  0.2394 
0.4190  0.1479 
0.4286  0.1479 
0.4381  0.1479 
0.4476  0.1197 
0.4571  0.1197 
0.4667  0.0915 
0.4762  0.0915 
0.4857  0.0915 
0.4952  0.0915 
0.5048  0.0915 
0.5143  0.0915 
0.5238  0.0563 
0.5333  0.0563 
0.5429  0.0563 
0.5524  0.0563 
0.5619  0.0423 
0.5714  0.0423 
0.5810  0.0423 
0.5905  0.0423 
0.6000  0.0423 
0.6095  0.0423 
0.6190  0.0423 
0.6286  0.0423 
0.6381  0.0423 
0.6476  0.0423 
0.6571  0.0423 
0.6667  0.0423 
0.6762  0.0423 
0.6857  0.0423 
0.6952  0.0423 
0.7048  0.0423 
0.7143  0.0423 
0.7238  0.0423 
0.7333  0.0423 
0.7429  0.0423 
0.7524  0.0423 
0.7619  0.0423 
0.7714  0.0352 
0.7810  0.0282 
0.7905  0.0282 
0.8000  0.0282 
0.8095  0.0282 
0.8190  0.0282 
0.8286  0.0282 
0.8381  0.0282 
0.8476  0.0282 
0.8571  0.0282 
0.8667  0.0282 
0.8762  0.0211 
0.8857  0.0211 
0.8952  0.0211 
0.9048  0.0211 
0.9143  0.0211 
0.9238  0.0211 
0.9333  0.0211 
0.9429  0.0141 
0.9524  0.0141 
0.9619  0.0141 
0.9714  0.0141 
0.9810  0.0141 
0.9905  0.0070 
1.0000  0.0000 
