0.0000  1.0000 
0.0250  0.9796 
0.0500  0.9592 
0.0750  0.8776 
0.1000  0.8571 
0.1250  0.8367 
0.1500  0.8163 
0.1750  0.4694 
0.2000  0.4490 
0.2250  0.4082 
0.2500  0.2857 
0.2750  0.2245 
0.3000  0.2245 
0.3250  0.1633 
0.3500  0.1224 
0.3750  0.1020 
0.4000  0.1020 
0.4250  0.1020 
0.4500  0.1020 
0.4750  0.1020 
0.5000  0.1020 
0.5250  0.1020 
0.5500  0.1020 
0.5750  0.1020 
0.6000  0.1020 
0.6250  0.1020 
0.6500  0.1020 
0.6750  0.1020 
0.7000  0.1020 
0.7250  0.1020 
0.7500  0.1020 
0.7750  0.1020 
0.8000  0.1020 
0.8250  0.1020 
0.8500  0.1020 
0.8750  0.1020 
0.9000  0.0816 
0.9250  0.0612 
0.9500  0.0408 
0.9750  0.0204 
1.0000  0.0000 
