0.0000  1.0000 
0.0056  0.9853 
0.0112  0.9804 
0.0168  0.9755 
0.0223  0.9706 
0.0279  0.9657 
0.0335  0.9608 
0.0391  0.9559 
0.0447  0.9510 
0.0503  0.9461 
0.0559  0.9412 
0.0615  0.9363 
0.0670  0.9314 
0.0726  0.9265 
0.0782  0.9216 
0.0838  0.9167 
0.0894  0.9118 
0.0950  0.9020 
0.1006  0.8971 
0.1061  0.8775 
0.1117  0.8725 
0.1173  0.8676 
0.1229  0.8627 
0.1285  0.8578 
0.1341  0.8529 
0.1397  0.8480 
0.1453  0.8431 
0.1508  0.8382 
0.1564  0.8333 
0.1620  0.8284 
0.1676  0.8235 
0.1732  0.8186 
0.1788  0.8137 
0.1844  0.8039 
0.1899  0.7990 
0.1955  0.7941 
0.2011  0.7892 
0.2067  0.7843 
0.2123  0.7794 
0.2179  0.7745 
0.2235  0.7696 
0.2291  0.7647 
0.2346  0.7598 
0.2402  0.7549 
0.2458  0.7304 
0.2514  0.7255 
0.2570  0.7206 
0.2626  0.7157 
0.2682  0.7108 
0.2737  0.7059 
0.2793  0.7010 
0.2849  0.6961 
0.2905  0.6912 
0.2961  0.6863 
0.3017  0.6814 
0.3073  0.6765 
0.3128  0.6373 
0.3184  0.6324 
0.3240  0.6275 
0.3296  0.6275 
0.3352  0.6225 
0.3408  0.6176 
0.3464  0.6127 
0.3520  0.6029 
0.3575  0.5735 
0.3631  0.5588 
0.3687  0.5392 
0.3743  0.5147 
0.3799  0.4951 
0.3855  0.4804 
0.3911  0.4755 
0.3966  0.4608 
0.4022  0.4412 
0.4078  0.2598 
0.4134  0.2255 
0.4190  0.2255 
0.4246  0.2255 
0.4302  0.2255 
0.4358  0.2255 
0.4413  0.2255 
0.4469  0.2206 
0.4525  0.2157 
0.4581  0.2108 
0.4637  0.2108 
0.4693  0.2108 
0.4749  0.2108 
0.4804  0.2108 
0.4860  0.2108 
0.4916  0.2108 
0.4972  0.2108 
0.5028  0.2108 
0.5084  0.2059 
0.5140  0.2010 
0.5196  0.1961 
0.5251  0.1961 
0.5307  0.1961 
0.5363  0.1961 
0.5419  0.1961 
0.5475  0.1961 
0.5531  0.1912 
0.5587  0.1912 
0.5642  0.1863 
0.5698  0.1863 
0.5754  0.1863 
0.5810  0.1863 
0.5866  0.1863 
0.5922  0.1863 
0.5978  0.1814 
0.6034  0.1814 
0.6089  0.1765 
0.6145  0.1765 
0.6201  0.1716 
0.6257  0.1716 
0.6313  0.1667 
0.6369  0.1618 
0.6425  0.1618 
0.6480  0.1618 
0.6536  0.1569 
0.6592  0.1520 
0.6648  0.1471 
0.6704  0.1422 
0.6760  0.1422 
0.6816  0.1373 
0.6872  0.1324 
0.6927  0.1275 
0.6983  0.1225 
0.7039  0.1176 
0.7095  0.1176 
0.7151  0.1176 
0.7207  0.1127 
0.7263  0.1078 
0.7318  0.1029 
0.7374  0.1029 
0.7430  0.1029 
0.7486  0.1029 
0.7542  0.1029 
0.7598  0.0980 
0.7654  0.0980 
0.7709  0.0980 
0.7765  0.0980 
0.7821  0.0931 
0.7877  0.0882 
0.7933  0.0882 
0.7989  0.0833 
0.8045  0.0833 
0.8101  0.0784 
0.8156  0.0735 
0.8212  0.0735 
0.8268  0.0686 
0.8324  0.0686 
0.8380  0.0686 
0.8436  0.0637 
0.8492  0.0588 
0.8547  0.0588 
0.8603  0.0588 
0.8659  0.0539 
0.8715  0.0539 
0.8771  0.0490 
0.8827  0.0441 
0.8883  0.0392 
0.8939  0.0343 
0.8994  0.0294 
0.9050  0.0245 
0.9106  0.0245 
0.9162  0.0245 
0.9218  0.0245 
0.9274  0.0196 
0.9330  0.0196 
0.9385  0.0196 
0.9441  0.0196 
0.9497  0.0196 
0.9553  0.0147 
0.9609  0.0147 
0.9665  0.0147 
0.9721  0.0147 
0.9777  0.0147 
0.9832  0.0098 
0.9888  0.0098 
0.9944  0.0049 
1.0000  0.0000 
