0.0000  1.0000 
0.0222  0.9844 
0.0444  0.9688 
0.0667  0.8125 
0.0889  0.6719 
0.1111  0.5781 
0.1333  0.5781 
0.1556  0.5781 
0.1778  0.5625 
0.2000  0.5469 
0.2222  0.3594 
0.2444  0.3594 
0.2667  0.3594 
0.2889  0.3594 
0.3111  0.3594 
0.3333  0.2969 
0.3556  0.2969 
0.3778  0.2500 
0.4000  0.2188 
0.4222  0.2188 
0.4444  0.2188 
0.4667  0.2188 
0.4889  0.2188 
0.5111  0.2188 
0.5333  0.2188 
0.5556  0.2188 
0.5778  0.2031 
0.6000  0.1875 
0.6222  0.1719 
0.6444  0.1562 
0.6667  0.1406 
0.6889  0.1250 
0.7111  0.1094 
0.7333  0.0938 
0.7556  0.0781 
0.7778  0.0625 
0.8000  0.0469 
0.8222  0.0469 
0.8444  0.0469 
0.8667  0.0469 
0.8889  0.0469 
0.9111  0.0469 
0.9333  0.0312 
0.9556  0.0312 
0.9778  0.0156 
1.0000  0.0000 
