0.0000  1.0000 
0.0256  0.9808 
0.0513  0.9423 
0.0769  0.8846 
0.1026  0.8846 
0.1282  0.8654 
0.1538  0.8269 
0.1795  0.7692 
0.2051  0.7692 
0.2308  0.7500 
0.2564  0.7115 
0.2821  0.6538 
0.3077  0.6538 
0.3333  0.5962 
0.3590  0.5962 
0.3846  0.5769 
0.4103  0.5385 
0.4359  0.4808 
0.4615  0.4808 
0.4872  0.4231 
0.5128  0.4231 
0.5385  0.3462 
0.5641  0.3462 
0.5897  0.3462 
0.6154  0.3269 
0.6410  0.2308 
0.6667  0.2308 
0.6923  0.2308 
0.7179  0.2308 
0.7436  0.2115 
0.7692  0.1154 
0.7949  0.1154 
0.8205  0.1154 
0.8462  0.1154 
0.8718  0.0962 
0.8974  0.0769 
0.9231  0.0577 
0.9487  0.0385 
0.9744  0.0192 
1.0000  0.0000 
