0.0000  1.0000 
0.0123  0.9615 
0.0247  0.9519 
0.0370  0.9423 
0.0494  0.9327 
0.0617  0.9231 
0.0741  0.9135 
0.0864  0.9038 
0.0988  0.8942 
0.1111  0.8846 
0.1235  0.8750 
0.1358  0.8654 
0.1481  0.8558 
0.1605  0.8365 
0.1728  0.8269 
0.1852  0.8077 
0.1975  0.7981 
0.2099  0.7692 
0.2222  0.7596 
0.2346  0.7500 
0.2469  0.7404 
0.2593  0.7308 
0.2716  0.7212 
0.2840  0.7019 
0.2963  0.6923 
0.3086  0.6827 
0.3210  0.6731 
0.3333  0.6635 
0.3457  0.3846 
0.3580  0.3654 
0.3704  0.3654 
0.3827  0.3558 
0.3951  0.3462 
0.4074  0.3365 
0.4198  0.3077 
0.4321  0.2981 
0.4444  0.2981 
0.4568  0.2885 
0.4691  0.1635 
0.4815  0.1635 
0.4938  0.1635 
0.5062  0.1635 
0.5185  0.1250 
0.5309  0.1250 
0.5432  0.1250 
0.5556  0.1250 
0.5679  0.1250 
0.5802  0.1250 
0.5926  0.1250 
0.6049  0.1250 
0.6173  0.1250 
0.6296  0.1250 
0.6420  0.1250 
0.6543  0.1250 
0.6667  0.1250 
0.6790  0.1250 
0.6914  0.1250 
0.7037  0.1250 
0.7160  0.1250 
0.7284  0.1250 
0.7407  0.1250 
0.7531  0.1154 
0.7654  0.1058 
0.7778  0.0962 
0.7901  0.0865 
0.8025  0.0769 
0.8148  0.0673 
0.8272  0.0577 
0.8395  0.0481 
0.8519  0.0385 
0.8642  0.0288 
0.8765  0.0192 
0.8889  0.0192 
0.9012  0.0192 
0.9136  0.0192 
0.9259  0.0192 
0.9383  0.0192 
0.9506  0.0192 
0.9630  0.0192 
0.9753  0.0192 
0.9877  0.0096 
1.0000  0.0000 
