0.0000  1.0000 
0.0256  0.9804 
0.0513  0.9608 
0.0769  0.8824 
0.1026  0.8627 
0.1282  0.8039 
0.1538  0.7451 
0.1795  0.7255 
0.2051  0.6863 
0.2308  0.6471 
0.2564  0.6275 
0.2821  0.6078 
0.3077  0.3725 
0.3333  0.3137 
0.3590  0.2157 
0.3846  0.1765 
0.4103  0.1765 
0.4359  0.1765 
0.4615  0.1176 
0.4872  0.0980 
0.5128  0.0784 
0.5385  0.0784 
0.5641  0.0784 
0.5897  0.0784 
0.6154  0.0784 
0.6410  0.0784 
0.6667  0.0784 
0.6923  0.0588 
0.7179  0.0588 
0.7436  0.0588 
0.7692  0.0588 
0.7949  0.0392 
0.8205  0.0392 
0.8462  0.0392 
0.8718  0.0392 
0.8974  0.0392 
0.9231  0.0392 
0.9487  0.0392 
0.9744  0.0196 
1.0000  0.0000 
