0.0000  1.0000 
0.0122  0.9907 
0.0244  0.9815 
0.0366  0.9722 
0.0488  0.9630 
0.0610  0.9537 
0.0732  0.9444 
0.0854  0.9352 
0.0976  0.9259 
0.1098  0.9167 
0.1220  0.9074 
0.1341  0.8981 
0.1463  0.8796 
0.1585  0.8519 
0.1707  0.8426 
0.1829  0.8333 
0.1951  0.8241 
0.2073  0.8148 
0.2195  0.8056 
0.2317  0.7963 
0.2439  0.7870 
0.2561  0.7778 
0.2683  0.7685 
0.2805  0.7500 
0.2927  0.7407 
0.3049  0.7315 
0.3171  0.7222 
0.3293  0.7130 
0.3415  0.7037 
0.3537  0.6944 
0.3659  0.6574 
0.3780  0.5741 
0.3902  0.4907 
0.4024  0.4537 
0.4146  0.4444 
0.4268  0.3796 
0.4390  0.3796 
0.4512  0.3796 
0.4634  0.3796 
0.4756  0.3796 
0.4878  0.3796 
0.5000  0.3426 
0.5122  0.3333 
0.5244  0.2778 
0.5366  0.1296 
0.5488  0.1111 
0.5610  0.0741 
0.5732  0.0556 
0.5854  0.0556 
0.5976  0.0556 
0.6098  0.0556 
0.6220  0.0556 
0.6341  0.0556 
0.6463  0.0556 
0.6585  0.0556 
0.6707  0.0556 
0.6829  0.0556 
0.6951  0.0556 
0.7073  0.0556 
0.7195  0.0556 
0.7317  0.0556 
0.7439  0.0556 
0.7561  0.0463 
0.7683  0.0370 
0.7805  0.0278 
0.7927  0.0278 
0.8049  0.0278 
0.8171  0.0278 
0.8293  0.0278 
0.8415  0.0278 
0.8537  0.0278 
0.8659  0.0278 
0.8780  0.0278 
0.8902  0.0278 
0.9024  0.0278 
0.9146  0.0278 
0.9268  0.0278 
0.9390  0.0278 
0.9512  0.0185 
0.9634  0.0185 
0.9756  0.0185 
0.9878  0.0093 
1.0000  0.0000 
