0.0000  1.0000 
0.0031  0.9976 
0.0063  0.9951 
0.0094  0.9927 
0.0126  0.9780 
0.0157  0.9683 
0.0189  0.9659 
0.0220  0.9585 
0.0252  0.9561 
0.0283  0.9488 
0.0314  0.9463 
0.0346  0.9390 
0.0377  0.9366 
0.0409  0.9341 
0.0440  0.9220 
0.0472  0.9195 
0.0503  0.9171 
0.0535  0.9146 
0.0566  0.9122 
0.0597  0.9098 
0.0629  0.9073 
0.0660  0.9049 
0.0692  0.9000 
0.0723  0.8951 
0.0755  0.8927 
0.0786  0.8902 
0.0818  0.8829 
0.0849  0.8805 
0.0881  0.8756 
0.0912  0.8683 
0.0943  0.8659 
0.0975  0.8634 
0.1006  0.8585 
0.1038  0.8561 
0.1069  0.8537 
0.1101  0.8463 
0.1132  0.8415 
0.1164  0.8390 
0.1195  0.8366 
0.1226  0.8341 
0.1258  0.8293 
0.1289  0.8268 
0.1321  0.8244 
0.1352  0.8098 
0.1384  0.8073 
0.1415  0.8049 
0.1447  0.8024 
0.1478  0.7927 
0.1509  0.7902 
0.1541  0.7854 
0.1572  0.7829 
0.1604  0.7780 
0.1635  0.7732 
0.1667  0.7707 
0.1698  0.7659 
0.1730  0.7634 
0.1761  0.7610 
0.1792  0.7585 
0.1824  0.7561 
0.1855  0.7463 
0.1887  0.7415 
0.1918  0.7390 
0.1950  0.6707 
0.1981  0.6683 
0.2013  0.6585 
0.2044  0.6561 
0.2075  0.6220 
0.2107  0.6220 
0.2138  0.6220 
0.2170  0.6220 
0.2201  0.6220 
0.2233  0.6220 
0.2264  0.6220 
0.2296  0.6220 
0.2327  0.6220 
0.2358  0.6220 
0.2390  0.6220 
0.2421  0.6220 
0.2453  0.6220 
0.2484  0.6220 
0.2516  0.6220 
0.2547  0.6220 
0.2579  0.6220 
0.2610  0.6220 
0.2642  0.6220 
0.2673  0.6220 
0.2704  0.6220 
0.2736  0.6220 
0.2767  0.6171 
0.2799  0.6146 
0.2830  0.5220 
0.2862  0.5195 
0.2893  0.5146 
0.2925  0.5146 
0.2956  0.5146 
0.2987  0.5146 
0.3019  0.5146 
0.3050  0.5146 
0.3082  0.5146 
0.3113  0.5146 
0.3145  0.5146 
0.3176  0.5146 
0.3208  0.5146 
0.3239  0.5146 
0.3270  0.5146 
0.3302  0.5146 
0.3333  0.5146 
0.3365  0.5146 
0.3396  0.5146 
0.3428  0.5146 
0.3459  0.5146 
0.3491  0.5146 
0.3522  0.5146 
0.3553  0.5146 
0.3585  0.5146 
0.3616  0.5146 
0.3648  0.5146 
0.3679  0.5146 
0.3711  0.5146 
0.3742  0.5146 
0.3774  0.5146 
0.3805  0.5146 
0.3836  0.5146 
0.3868  0.5146 
0.3899  0.5146 
0.3931  0.5146 
0.3962  0.5146 
0.3994  0.5146 
0.4025  0.5146 
0.4057  0.5073 
0.4088  0.4878 
0.4119  0.4805 
0.4151  0.4463 
0.4182  0.4439 
0.4214  0.4195 
0.4245  0.3854 
0.4277  0.3780 
0.4308  0.3780 
0.4340  0.3780 
0.4371  0.3756 
0.4403  0.3610 
0.4434  0.3390 
0.4465  0.3293 
0.4497  0.3293 
0.4528  0.3122 
0.4560  0.2707 
0.4591  0.2610 
0.4623  0.2098 
0.4654  0.1902 
0.4686  0.1902 
0.4717  0.1732 
0.4748  0.1659 
0.4780  0.0951 
0.4811  0.0951 
0.4843  0.0951 
0.4874  0.0951 
0.4906  0.0951 
0.4937  0.0951 
0.4969  0.0951 
0.5000  0.0951 
0.5031  0.0951 
0.5063  0.0951 
0.5094  0.0951 
0.5126  0.0951 
0.5157  0.0951 
0.5189  0.0951 
0.5220  0.0951 
0.5252  0.0951 
0.5283  0.0951 
0.5314  0.0951 
0.5346  0.0951 
0.5377  0.0951 
0.5409  0.0951 
0.5440  0.0951 
0.5472  0.0951 
0.5503  0.0951 
0.5535  0.0854 
0.5566  0.0854 
0.5597  0.0610 
0.5629  0.0610 
0.5660  0.0610 
0.5692  0.0610 
0.5723  0.0610 
0.5755  0.0610 
0.5786  0.0610 
0.5818  0.0610 
0.5849  0.0610 
0.5881  0.0610 
0.5912  0.0610 
0.5943  0.0610 
0.5975  0.0610 
0.6006  0.0610 
0.6038  0.0610 
0.6069  0.0610 
0.6101  0.0610 
0.6132  0.0610 
0.6164  0.0610 
0.6195  0.0610 
0.6226  0.0610 
0.6258  0.0610 
0.6289  0.0610 
0.6321  0.0610 
0.6352  0.0610 
0.6384  0.0610 
0.6415  0.0610 
0.6447  0.0610 
0.6478  0.0390 
0.6509  0.0390 
0.6541  0.0390 
0.6572  0.0390 
0.6604  0.0390 
0.6635  0.0390 
0.6667  0.0390 
0.6698  0.0390 
0.6730  0.0390 
0.6761  0.0390 
0.6792  0.0390 
0.6824  0.0390 
0.6855  0.0390 
0.6887  0.0390 
0.6918  0.0390 
0.6950  0.0390 
0.6981  0.0390 
0.7013  0.0366 
0.7044  0.0220 
0.7075  0.0220 
0.7107  0.0195 
0.7138  0.0171 
0.7170  0.0171 
0.7201  0.0171 
0.7233  0.0171 
0.7264  0.0171 
0.7296  0.0171 
0.7327  0.0171 
0.7358  0.0171 
0.7390  0.0171 
0.7421  0.0171 
0.7453  0.0171 
0.7484  0.0146 
0.7516  0.0122 
0.7547  0.0122 
0.7579  0.0122 
0.7610  0.0122 
0.7642  0.0122 
0.7673  0.0122 
0.7704  0.0122 
0.7736  0.0122 
0.7767  0.0122 
0.7799  0.0122 
0.7830  0.0122 
0.7862  0.0122 
0.7893  0.0122 
0.7925  0.0122 
0.7956  0.0122 
0.7987  0.0122 
0.8019  0.0122 
0.8050  0.0122 
0.8082  0.0122 
0.8113  0.0122 
0.8145  0.0122 
0.8176  0.0122 
0.8208  0.0122 
0.8239  0.0122 
0.8270  0.0122 
0.8302  0.0122 
0.8333  0.0122 
0.8365  0.0122 
0.8396  0.0122 
0.8428  0.0122 
0.8459  0.0122 
0.8491  0.0122 
0.8522  0.0122 
0.8553  0.0122 
0.8585  0.0122 
0.8616  0.0122 
0.8648  0.0122 
0.8679  0.0122 
0.8711  0.0122 
0.8742  0.0122 
0.8774  0.0122 
0.8805  0.0122 
0.8836  0.0122 
0.8868  0.0122 
0.8899  0.0122 
0.8931  0.0122 
0.8962  0.0098 
0.8994  0.0098 
0.9025  0.0098 
0.9057  0.0098 
0.9088  0.0098 
0.9119  0.0098 
0.9151  0.0098 
0.9182  0.0098 
0.9214  0.0098 
0.9245  0.0098 
0.9277  0.0098 
0.9308  0.0098 
0.9340  0.0098 
0.9371  0.0098 
0.9403  0.0098 
0.9434  0.0098 
0.9465  0.0073 
0.9497  0.0073 
0.9528  0.0073 
0.9560  0.0073 
0.9591  0.0073 
0.9623  0.0073 
0.9654  0.0073 
0.9686  0.0073 
0.9717  0.0073 
0.9748  0.0073 
0.9780  0.0073 
0.9811  0.0049 
0.9843  0.0049 
0.9874  0.0049 
0.9906  0.0049 
0.9937  0.0049 
0.9969  0.0024 
1.0000  0.0000 
