0.0000  1.0000 
0.0122  0.9813 
0.0244  0.9720 
0.0366  0.9533 
0.0488  0.9346 
0.0610  0.9252 
0.0732  0.9065 
0.0854  0.8785 
0.0976  0.8785 
0.1098  0.8692 
0.1220  0.8598 
0.1341  0.8505 
0.1463  0.8411 
0.1585  0.8224 
0.1707  0.8131 
0.1829  0.7944 
0.1951  0.7570 
0.2073  0.7290 
0.2195  0.7290 
0.2317  0.7290 
0.2439  0.7290 
0.2561  0.7196 
0.2683  0.7103 
0.2805  0.7009 
0.2927  0.6822 
0.3049  0.6542 
0.3171  0.6542 
0.3293  0.6449 
0.3415  0.6355 
0.3537  0.6075 
0.3659  0.6075 
0.3780  0.5981 
0.3902  0.5888 
0.4024  0.5607 
0.4146  0.5514 
0.4268  0.5514 
0.4390  0.5327 
0.4512  0.5234 
0.4634  0.4860 
0.4756  0.4860 
0.4878  0.4860 
0.5000  0.4766 
0.5122  0.4393 
0.5244  0.4019 
0.5366  0.3645 
0.5488  0.3645 
0.5610  0.3645 
0.5732  0.3645 
0.5854  0.3645 
0.5976  0.3271 
0.6098  0.3271 
0.6220  0.3271 
0.6341  0.3178 
0.6463  0.2897 
0.6585  0.2897 
0.6707  0.2897 
0.6829  0.2897 
0.6951  0.2804 
0.7073  0.2710 
0.7195  0.2617 
0.7317  0.2056 
0.7439  0.1869 
0.7561  0.1495 
0.7683  0.1495 
0.7805  0.1495 
0.7927  0.0841 
0.8049  0.0561 
0.8171  0.0561 
0.8293  0.0561 
0.8415  0.0561 
0.8537  0.0561 
0.8659  0.0561 
0.8780  0.0561 
0.8902  0.0561 
0.9024  0.0561 
0.9146  0.0561 
0.9268  0.0561 
0.9390  0.0467 
0.9512  0.0374 
0.9634  0.0280 
0.9756  0.0187 
0.9878  0.0093 
1.0000  0.0000 
