0.0000  1.0000 
0.0127  0.9902 
0.0253  0.9706 
0.0380  0.9510 
0.0506  0.9412 
0.0633  0.9216 
0.0759  0.9020 
0.0886  0.8922 
0.1013  0.8824 
0.1139  0.8627 
0.1266  0.8529 
0.1392  0.8333 
0.1519  0.8137 
0.1646  0.7941 
0.1772  0.7843 
0.1899  0.7647 
0.2025  0.7549 
0.2152  0.7353 
0.2278  0.7255 
0.2405  0.7059 
0.2532  0.6961 
0.2658  0.6863 
0.2785  0.6667 
0.2911  0.6569 
0.3038  0.6471 
0.3165  0.6275 
0.3291  0.6176 
0.3418  0.6078 
0.3544  0.5980 
0.3671  0.5882 
0.3797  0.5784 
0.3924  0.5686 
0.4051  0.5490 
0.4177  0.5294 
0.4304  0.5196 
0.4430  0.4902 
0.4557  0.4902 
0.4684  0.4804 
0.4810  0.4608 
0.4937  0.4510 
0.5063  0.4412 
0.5190  0.4118 
0.5316  0.4118 
0.5443  0.4020 
0.5570  0.3922 
0.5696  0.3824 
0.5823  0.3725 
0.5949  0.3627 
0.6076  0.3529 
0.6203  0.3431 
0.6329  0.3333 
0.6456  0.3235 
0.6582  0.2647 
0.6709  0.2451 
0.6835  0.2157 
0.6962  0.2157 
0.7089  0.2059 
0.7215  0.1961 
0.7342  0.1765 
0.7468  0.1765 
0.7595  0.1765 
0.7722  0.1765 
0.7848  0.1765 
0.7975  0.1667 
0.8101  0.1569 
0.8228  0.1471 
0.8354  0.1078 
0.8481  0.1078 
0.8608  0.1078 
0.8734  0.0980 
0.8861  0.0882 
0.8987  0.0784 
0.9114  0.0686 
0.9241  0.0588 
0.9367  0.0490 
0.9494  0.0392 
0.9620  0.0294 
0.9747  0.0196 
0.9873  0.0098 
1.0000  0.0000 
