0.0000  1.0000 
0.0098  0.9910 
0.0196  0.9820 
0.0294  0.9730 
0.0392  0.9279 
0.0490  0.9189 
0.0588  0.9009 
0.0686  0.8919 
0.0784  0.8829 
0.0882  0.8739 
0.0980  0.8649 
0.1078  0.8559 
0.1176  0.8468 
0.1275  0.8108 
0.1373  0.8018 
0.1471  0.7928 
0.1569  0.7838 
0.1667  0.7748 
0.1765  0.7477 
0.1863  0.7297 
0.1961  0.7207 
0.2059  0.7117 
0.2157  0.7027 
0.2255  0.6937 
0.2353  0.6847 
0.2451  0.6757 
0.2549  0.6667 
0.2647  0.6577 
0.2745  0.6486 
0.2843  0.6396 
0.2941  0.6306 
0.3039  0.6216 
0.3137  0.6126 
0.3235  0.6036 
0.3333  0.5946 
0.3431  0.5856 
0.3529  0.5766 
0.3627  0.5676 
0.3725  0.5676 
0.3824  0.5586 
0.3922  0.5495 
0.4020  0.5405 
0.4118  0.5315 
0.4216  0.5225 
0.4314  0.5135 
0.4412  0.4595 
0.4510  0.3784 
0.4608  0.3784 
0.4706  0.3243 
0.4804  0.3153 
0.4902  0.3063 
0.5000  0.2432 
0.5098  0.2342 
0.5196  0.2252 
0.5294  0.2162 
0.5392  0.2162 
0.5490  0.2162 
0.5588  0.2072 
0.5686  0.1982 
0.5784  0.1892 
0.5882  0.1892 
0.5980  0.1802 
0.6078  0.1802 
0.6176  0.1802 
0.6275  0.1712 
0.6373  0.1622 
0.6471  0.1532 
0.6569  0.1532 
0.6667  0.1532 
0.6765  0.1441 
0.6863  0.1441 
0.6961  0.1441 
0.7059  0.1351 
0.7157  0.1351 
0.7255  0.1261 
0.7353  0.1171 
0.7451  0.1171 
0.7549  0.1081 
0.7647  0.1081 
0.7745  0.0991 
0.7843  0.0901 
0.7941  0.0901 
0.8039  0.0811 
0.8137  0.0721 
0.8235  0.0721 
0.8333  0.0721 
0.8431  0.0721 
0.8529  0.0721 
0.8627  0.0721 
0.8725  0.0631 
0.8824  0.0631 
0.8922  0.0541 
0.9020  0.0541 
0.9118  0.0541 
0.9216  0.0450 
0.9314  0.0360 
0.9412  0.0270 
0.9510  0.0180 
0.9608  0.0180 
0.9706  0.0180 
0.9804  0.0180 
0.9902  0.0090 
1.0000  0.0000 
