0.0000  1.0000 
0.0204  0.9176 
0.0408  0.8824 
0.0612  0.8588 
0.0816  0.8353 
0.1020  0.5765 
0.1224  0.5765 
0.1429  0.5412 
0.1633  0.5412 
0.1837  0.5412 
0.2041  0.5412 
0.2245  0.4941 
0.2449  0.4471 
0.2653  0.4000 
0.2857  0.3529 
0.3061  0.3294 
0.3265  0.3294 
0.3469  0.3294 
0.3673  0.3059 
0.3878  0.3059 
0.4082  0.3059 
0.4286  0.3059 
0.4490  0.3059 
0.4694  0.3059 
0.4898  0.3059 
0.5102  0.2706 
0.5306  0.2706 
0.5510  0.2353 
0.5714  0.2353 
0.5918  0.2000 
0.6122  0.2000 
0.6327  0.2000 
0.6531  0.2000 
0.6735  0.2000 
0.6939  0.2000 
0.7143  0.2000 
0.7347  0.2000 
0.7551  0.1529 
0.7755  0.1294 
0.7959  0.1294 
0.8163  0.1294 
0.8367  0.0824 
0.8571  0.0471 
0.8776  0.0471 
0.8980  0.0471 
0.9184  0.0471 
0.9388  0.0353 
0.9592  0.0235 
0.9796  0.0118 
1.0000  0.0000 
