0.0000  1.0000 
0.0233  0.9855 
0.0465  0.9710 
0.0698  0.9420 
0.0930  0.8986 
0.1163  0.8841 
0.1395  0.8116 
0.1628  0.7971 
0.1860  0.7826 
0.2093  0.7246 
0.2326  0.6957 
0.2558  0.6812 
0.2791  0.6667 
0.3023  0.6522 
0.3256  0.6377 
0.3488  0.6232 
0.3721  0.6087 
0.3953  0.5507 
0.4186  0.4058 
0.4419  0.3043 
0.4651  0.2754 
0.4884  0.2609 
0.5116  0.2029 
0.5349  0.2029 
0.5581  0.2029 
0.5814  0.2029 
0.6047  0.2029 
0.6279  0.2029 
0.6512  0.2029 
0.6744  0.2029 
0.6977  0.2029 
0.7209  0.2029 
0.7442  0.2029 
0.7674  0.0870 
0.7907  0.0580 
0.8140  0.0580 
0.8372  0.0580 
0.8605  0.0580 
0.8837  0.0290 
0.9070  0.0290 
0.9302  0.0290 
0.9535  0.0290 
0.9767  0.0145 
1.0000  0.0000 
