0.0000  1.0000 
0.0238  0.9796 
0.0476  0.9592 
0.0714  0.9388 
0.0952  0.9184 
0.1190  0.8980 
0.1429  0.8776 
0.1667  0.8571 
0.1905  0.8367 
0.2143  0.8163 
0.2381  0.7959 
0.2619  0.7755 
0.2857  0.6122 
0.3095  0.5918 
0.3333  0.5714 
0.3571  0.4082 
0.3810  0.4082 
0.4048  0.3265 
0.4286  0.2449 
0.4524  0.1633 
0.4762  0.1633 
0.5000  0.1633 
0.5238  0.1633 
0.5476  0.1633 
0.5714  0.1633 
0.5952  0.1633 
0.6190  0.1633 
0.6429  0.1633 
0.6667  0.1633 
0.6905  0.1633 
0.7143  0.1429 
0.7381  0.1224 
0.7619  0.1020 
0.7857  0.0816 
0.8095  0.0816 
0.8333  0.0816 
0.8571  0.0816 
0.8810  0.0612 
0.9048  0.0612 
0.9286  0.0612 
0.9524  0.0408 
0.9762  0.0204 
1.0000  0.0000 
