0.0000  1.0000 
0.0015  0.9908 
0.0030  0.9855 
0.0044  0.9828 
0.0059  0.9789 
0.0074  0.9749 
0.0089  0.9723 
0.0103  0.9696 
0.0118  0.9670 
0.0133  0.9643 
0.0148  0.9617 
0.0162  0.9590 
0.0177  0.9564 
0.0192  0.9538 
0.0207  0.9511 
0.0222  0.9485 
0.0236  0.9432 
0.0251  0.9406 
0.0266  0.9406 
0.0281  0.9379 
0.0295  0.9353 
0.0310  0.9326 
0.0325  0.9326 
0.0340  0.9287 
0.0355  0.9260 
0.0369  0.9260 
0.0384  0.9102 
0.0399  0.9102 
0.0414  0.9075 
0.0428  0.9062 
0.0443  0.9036 
0.0458  0.8996 
0.0473  0.8996 
0.0487  0.8983 
0.0502  0.8956 
0.0517  0.8917 
0.0532  0.8917 
0.0547  0.8904 
0.0561  0.8877 
0.0576  0.8838 
0.0591  0.8838 
0.0606  0.8785 
0.0620  0.8785 
0.0635  0.8785 
0.0650  0.8785 
0.0665  0.8785 
0.0679  0.8785 
0.0694  0.8771 
0.0709  0.8758 
0.0724  0.8719 
0.0739  0.8719 
0.0753  0.8719 
0.0768  0.8719 
0.0783  0.8719 
0.0798  0.8719 
0.0812  0.8705 
0.0827  0.8692 
0.0842  0.8679 
0.0857  0.8666 
0.0871  0.8639 
0.0886  0.8626 
0.0901  0.8613 
0.0916  0.8560 
0.0931  0.8560 
0.0945  0.8560 
0.0960  0.8547 
0.0975  0.8534 
0.0990  0.8520 
0.1004  0.8494 
0.1019  0.8481 
0.1034  0.8468 
0.1049  0.8454 
0.1064  0.8441 
0.1078  0.8415 
0.1093  0.8402 
0.1108  0.8388 
0.1123  0.8322 
0.1137  0.8322 
0.1152  0.8322 
0.1167  0.8322 
0.1182  0.8309 
0.1196  0.8230 
0.1211  0.8230 
0.1226  0.8230 
0.1241  0.8230 
0.1256  0.8230 
0.1270  0.8217 
0.1285  0.8203 
0.1300  0.8190 
0.1315  0.8177 
0.1329  0.8164 
0.1344  0.8151 
0.1359  0.8124 
0.1374  0.8111 
0.1388  0.8098 
0.1403  0.8085 
0.1418  0.8071 
0.1433  0.8058 
0.1448  0.8018 
0.1462  0.8018 
0.1477  0.8005 
0.1492  0.7900 
0.1507  0.7886 
0.1521  0.7873 
0.1536  0.7794 
0.1551  0.7794 
0.1566  0.7794 
0.1581  0.7794 
0.1595  0.7794 
0.1610  0.7781 
0.1625  0.7688 
0.1640  0.7688 
0.1654  0.7688 
0.1669  0.7688 
0.1684  0.7688 
0.1699  0.7688 
0.1713  0.7688 
0.1728  0.7688 
0.1743  0.7688 
0.1758  0.7688 
0.1773  0.7688 
0.1787  0.7688 
0.1802  0.7596 
0.1817  0.7596 
0.1832  0.7596 
0.1846  0.7596 
0.1861  0.7596 
0.1876  0.7596 
0.1891  0.7583 
0.1905  0.7569 
0.1920  0.7477 
0.1935  0.7477 
0.1950  0.7477 
0.1965  0.7477 
0.1979  0.7477 
0.1994  0.7477 
0.2009  0.7464 
0.2024  0.7345 
0.2038  0.7345 
0.2053  0.7345 
0.2068  0.7345 
0.2083  0.7345 
0.2097  0.7345 
0.2112  0.7345 
0.2127  0.7345 
0.2142  0.7332 
0.2157  0.7318 
0.2171  0.7305 
0.2186  0.7199 
0.2201  0.7199 
0.2216  0.7199 
0.2230  0.7199 
0.2245  0.7199 
0.2260  0.7199 
0.2275  0.7199 
0.2290  0.7186 
0.2304  0.7054 
0.2319  0.7054 
0.2334  0.7054 
0.2349  0.7054 
0.2363  0.7054 
0.2378  0.7054 
0.2393  0.7054 
0.2408  0.7054 
0.2422  0.7054 
0.2437  0.7041 
0.2452  0.7028 
0.2467  0.7015 
0.2482  0.7001 
0.2496  0.6869 
0.2511  0.6856 
0.2526  0.6856 
0.2541  0.6856 
0.2555  0.6856 
0.2570  0.6856 
0.2585  0.6856 
0.2600  0.6856 
0.2614  0.6856 
0.2629  0.6856 
0.2644  0.6843 
0.2659  0.6737 
0.2674  0.6737 
0.2688  0.6737 
0.2703  0.6737 
0.2718  0.6737 
0.2733  0.6737 
0.2747  0.6737 
0.2762  0.6724 
0.2777  0.6711 
0.2792  0.6697 
0.2806  0.6684 
0.2821  0.6671 
0.2836  0.6565 
0.2851  0.6565 
0.2866  0.6565 
0.2880  0.6565 
0.2895  0.6565 
0.2910  0.6565 
0.2925  0.6565 
0.2939  0.6552 
0.2954  0.6539 
0.2969  0.6526 
0.2984  0.6513 
0.2999  0.6499 
0.3013  0.6486 
0.3028  0.6473 
0.3043  0.6460 
0.3058  0.6446 
0.3072  0.6433 
0.3087  0.6380 
0.3102  0.6380 
0.3117  0.6380 
0.3131  0.6367 
0.3146  0.6354 
0.3161  0.6341 
0.3176  0.6222 
0.3191  0.6222 
0.3205  0.6222 
0.3220  0.6222 
0.3235  0.6222 
0.3250  0.6222 
0.3264  0.6222 
0.3279  0.6222 
0.3294  0.6209 
0.3309  0.6196 
0.3323  0.6182 
0.3338  0.6169 
0.3353  0.6156 
0.3368  0.6143 
0.3383  0.6129 
0.3397  0.6116 
0.3412  0.6103 
0.3427  0.6050 
0.3442  0.6050 
0.3456  0.6050 
0.3471  0.6037 
0.3486  0.6024 
0.3501  0.6011 
0.3516  0.5865 
0.3530  0.5865 
0.3545  0.5865 
0.3560  0.5865 
0.3575  0.5865 
0.3589  0.5865 
0.3604  0.5865 
0.3619  0.5865 
0.3634  0.5865 
0.3648  0.5865 
0.3663  0.5852 
0.3678  0.5839 
0.3693  0.5826 
0.3708  0.5812 
0.3722  0.5799 
0.3737  0.5786 
0.3752  0.5694 
0.3767  0.5694 
0.3781  0.5694 
0.3796  0.5694 
0.3811  0.5694 
0.3826  0.5694 
0.3840  0.5680 
0.3855  0.5667 
0.3870  0.5654 
0.3885  0.5641 
0.3900  0.5627 
0.3914  0.5509 
0.3929  0.5509 
0.3944  0.5509 
0.3959  0.5509 
0.3973  0.5509 
0.3988  0.5509 
0.4003  0.5509 
0.4018  0.5509 
0.4032  0.5297 
0.4047  0.5297 
0.4062  0.5297 
0.4077  0.5297 
0.4092  0.5297 
0.4106  0.5297 
0.4121  0.5297 
0.4136  0.5297 
0.4151  0.5297 
0.4165  0.5297 
0.4180  0.5297 
0.4195  0.5297 
0.4210  0.5297 
0.4225  0.5297 
0.4239  0.5297 
0.4254  0.5284 
0.4269  0.5271 
0.4284  0.5258 
0.4298  0.5244 
0.4313  0.5231 
0.4328  0.5218 
0.4343  0.5205 
0.4357  0.5192 
0.4372  0.5178 
0.4387  0.5165 
0.4402  0.5152 
0.4417  0.5139 
0.4431  0.5046 
0.4446  0.5046 
0.4461  0.5046 
0.4476  0.5046 
0.4490  0.5046 
0.4505  0.5046 
0.4520  0.5033 
0.4535  0.5020 
0.4549  0.5007 
0.4564  0.4993 
0.4579  0.4980 
0.4594  0.4967 
0.4609  0.4954 
0.4623  0.4941 
0.4638  0.4927 
0.4653  0.4914 
0.4668  0.4901 
0.4682  0.4808 
0.4697  0.4808 
0.4712  0.4808 
0.4727  0.4808 
0.4742  0.4808 
0.4756  0.4808 
0.4771  0.4795 
0.4786  0.4782 
0.4801  0.4769 
0.4815  0.4756 
0.4830  0.4742 
0.4845  0.4729 
0.4860  0.4716 
0.4874  0.4703 
0.4889  0.4531 
0.4904  0.4531 
0.4919  0.4531 
0.4934  0.4531 
0.4948  0.4531 
0.4963  0.4531 
0.4978  0.4531 
0.4993  0.4531 
0.5007  0.4531 
0.5022  0.4531 
0.5037  0.4531 
0.5052  0.4531 
0.5066  0.4518 
0.5081  0.4505 
0.5096  0.4491 
0.5111  0.4280 
0.5126  0.4280 
0.5140  0.4280 
0.5155  0.4280 
0.5170  0.4280 
0.5185  0.4280 
0.5199  0.4280 
0.5214  0.4280 
0.5229  0.4280 
0.5244  0.4280 
0.5258  0.4280 
0.5273  0.4280 
0.5288  0.4280 
0.5303  0.4280 
0.5318  0.4280 
0.5332  0.4267 
0.5347  0.4254 
0.5362  0.4240 
0.5377  0.4227 
0.5391  0.4214 
0.5406  0.4003 
0.5421  0.4003 
0.5436  0.4003 
0.5451  0.4003 
0.5465  0.4003 
0.5480  0.4003 
0.5495  0.4003 
0.5510  0.4003 
0.5524  0.4003 
0.5539  0.4003 
0.5554  0.4003 
0.5569  0.4003 
0.5583  0.4003 
0.5598  0.4003 
0.5613  0.4003 
0.5628  0.3989 
0.5643  0.3976 
0.5657  0.3963 
0.5672  0.3950 
0.5687  0.3937 
0.5702  0.3923 
0.5716  0.3910 
0.5731  0.3897 
0.5746  0.3884 
0.5761  0.3871 
0.5775  0.3857 
0.5790  0.3844 
0.5805  0.3831 
0.5820  0.3818 
0.5835  0.3804 
0.5849  0.3791 
0.5864  0.3778 
0.5879  0.3765 
0.5894  0.3725 
0.5908  0.3725 
0.5923  0.3712 
0.5938  0.3435 
0.5953  0.3435 
0.5968  0.3435 
0.5982  0.3435 
0.5997  0.3435 
0.6012  0.3435 
0.6027  0.3435 
0.6041  0.3435 
0.6056  0.3435 
0.6071  0.3435 
0.6086  0.3435 
0.6100  0.3435 
0.6115  0.3435 
0.6130  0.3435 
0.6145  0.3435 
0.6160  0.3435 
0.6174  0.3435 
0.6189  0.3435 
0.6204  0.3435 
0.6219  0.3435 
0.6233  0.3421 
0.6248  0.3408 
0.6263  0.3395 
0.6278  0.3382 
0.6292  0.3369 
0.6307  0.3355 
0.6322  0.3342 
0.6337  0.3329 
0.6352  0.3316 
0.6366  0.3303 
0.6381  0.3289 
0.6396  0.3276 
0.6411  0.3263 
0.6425  0.3250 
0.6440  0.3236 
0.6455  0.3078 
0.6470  0.3078 
0.6484  0.3078 
0.6499  0.3078 
0.6514  0.3078 
0.6529  0.3078 
0.6544  0.3078 
0.6558  0.3078 
0.6573  0.3078 
0.6588  0.3078 
0.6603  0.3078 
0.6617  0.3065 
0.6632  0.3052 
0.6647  0.2708 
0.6662  0.2708 
0.6677  0.2708 
0.6691  0.2708 
0.6706  0.2708 
0.6721  0.2708 
0.6736  0.2708 
0.6750  0.2708 
0.6765  0.2708 
0.6780  0.2708 
0.6795  0.2708 
0.6809  0.2708 
0.6824  0.2708 
0.6839  0.2708 
0.6854  0.2708 
0.6869  0.2708 
0.6883  0.2708 
0.6898  0.2708 
0.6913  0.2708 
0.6928  0.2708 
0.6942  0.2708 
0.6957  0.2708 
0.6972  0.2708 
0.6987  0.2708 
0.7001  0.2708 
0.7016  0.2153 
0.7031  0.2140 
0.7046  0.2127 
0.7061  0.1731 
0.7075  0.1731 
0.7090  0.1731 
0.7105  0.1731 
0.7120  0.1731 
0.7134  0.1731 
0.7149  0.1731 
0.7164  0.1731 
0.7179  0.1731 
0.7194  0.1731 
0.7208  0.1731 
0.7223  0.1731 
0.7238  0.1731 
0.7253  0.1731 
0.7267  0.1731 
0.7282  0.1731 
0.7297  0.1731 
0.7312  0.1731 
0.7326  0.1731 
0.7341  0.1731 
0.7356  0.1731 
0.7371  0.1731 
0.7386  0.1731 
0.7400  0.1731 
0.7415  0.1731 
0.7430  0.1731 
0.7445  0.1731 
0.7459  0.1731 
0.7474  0.1731 
0.7489  0.1731 
0.7504  0.1731 
0.7518  0.1731 
0.7533  0.1731 
0.7548  0.1731 
0.7563  0.1731 
0.7578  0.1731 
0.7592  0.1731 
0.7607  0.1731 
0.7622  0.1731 
0.7637  0.1731 
0.7651  0.1731 
0.7666  0.1731 
0.7681  0.1731 
0.7696  0.1731 
0.7710  0.1731 
0.7725  0.1731 
0.7740  0.1731 
0.7755  0.1731 
0.7770  0.1731 
0.7784  0.1731 
0.7799  0.1731 
0.7814  0.1731 
0.7829  0.1731 
0.7843  0.1731 
0.7858  0.1731 
0.7873  0.1731 
0.7888  0.1731 
0.7903  0.1731 
0.7917  0.1731 
0.7932  0.1731 
0.7947  0.1731 
0.7962  0.1731 
0.7976  0.1731 
0.7991  0.1731 
0.8006  0.1731 
0.8021  0.1731 
0.8035  0.1731 
0.8050  0.1731 
0.8065  0.1731 
0.8080  0.1717 
0.8095  0.1704 
0.8109  0.1691 
0.8124  0.1678 
0.8139  0.1664 
0.8154  0.1651 
0.8168  0.1638 
0.8183  0.1625 
0.8198  0.1612 
0.8213  0.1598 
0.8227  0.1585 
0.8242  0.1572 
0.8257  0.1559 
0.8272  0.1546 
0.8287  0.1532 
0.8301  0.1519 
0.8316  0.1506 
0.8331  0.1493 
0.8346  0.1480 
0.8360  0.1466 
0.8375  0.1453 
0.8390  0.1440 
0.8405  0.1427 
0.8419  0.1413 
0.8434  0.1400 
0.8449  0.1387 
0.8464  0.1374 
0.8479  0.1361 
0.8493  0.1347 
0.8508  0.1334 
0.8523  0.1321 
0.8538  0.1308 
0.8552  0.1295 
0.8567  0.1281 
0.8582  0.1268 
0.8597  0.1255 
0.8612  0.1242 
0.8626  0.1229 
0.8641  0.1215 
0.8656  0.1202 
0.8671  0.1189 
0.8685  0.1176 
0.8700  0.1162 
0.8715  0.1149 
0.8730  0.1136 
0.8744  0.1123 
0.8759  0.1110 
0.8774  0.1096 
0.8789  0.1083 
0.8804  0.1070 
0.8818  0.1057 
0.8833  0.1044 
0.8848  0.1030 
0.8863  0.1017 
0.8877  0.1004 
0.8892  0.0991 
0.8907  0.0978 
0.8922  0.0964 
0.8936  0.0951 
0.8951  0.0938 
0.8966  0.0925 
0.8981  0.0911 
0.8996  0.0898 
0.9010  0.0885 
0.9025  0.0872 
0.9040  0.0859 
0.9055  0.0845 
0.9069  0.0832 
0.9084  0.0819 
0.9099  0.0806 
0.9114  0.0793 
0.9129  0.0779 
0.9143  0.0766 
0.9158  0.0753 
0.9173  0.0740 
0.9188  0.0727 
0.9202  0.0713 
0.9217  0.0700 
0.9232  0.0687 
0.9247  0.0674 
0.9261  0.0661 
0.9276  0.0647 
0.9291  0.0634 
0.9306  0.0621 
0.9321  0.0608 
0.9335  0.0594 
0.9350  0.0581 
0.9365  0.0568 
0.9380  0.0555 
0.9394  0.0542 
0.9409  0.0528 
0.9424  0.0515 
0.9439  0.0502 
0.9453  0.0489 
0.9468  0.0476 
0.9483  0.0462 
0.9498  0.0449 
0.9513  0.0436 
0.9527  0.0423 
0.9542  0.0410 
0.9557  0.0396 
0.9572  0.0383 
0.9586  0.0370 
0.9601  0.0357 
0.9616  0.0343 
0.9631  0.0330 
0.9645  0.0317 
0.9660  0.0304 
0.9675  0.0291 
0.9690  0.0277 
0.9705  0.0264 
0.9719  0.0251 
0.9734  0.0238 
0.9749  0.0225 
0.9764  0.0211 
0.9778  0.0198 
0.9793  0.0185 
0.9808  0.0172 
0.9823  0.0159 
0.9838  0.0145 
0.9852  0.0132 
0.9867  0.0119 
0.9882  0.0106 
0.9897  0.0092 
0.9911  0.0079 
0.9926  0.0066 
0.9941  0.0053 
0.9956  0.0040 
0.9970  0.0026 
0.9985  0.0013 
1.0000  0.0000 
