0.0000  1.0000 
0.0034  0.9890 
0.0068  0.9807 
0.0102  0.9780 
0.0136  0.9669 
0.0170  0.9642 
0.0204  0.9614 
0.0238  0.9587 
0.0272  0.9559 
0.0306  0.9532 
0.0340  0.9421 
0.0374  0.9394 
0.0408  0.9201 
0.0442  0.8953 
0.0476  0.8898 
0.0510  0.8760 
0.0544  0.8733 
0.0578  0.8705 
0.0612  0.8650 
0.0646  0.8595 
0.0680  0.8567 
0.0714  0.8430 
0.0748  0.8347 
0.0782  0.8320 
0.0816  0.8292 
0.0850  0.8264 
0.0884  0.8154 
0.0918  0.8099 
0.0952  0.8044 
0.0986  0.8017 
0.1020  0.7851 
0.1054  0.7824 
0.1088  0.7686 
0.1122  0.7410 
0.1156  0.7025 
0.1190  0.6887 
0.1224  0.6832 
0.1259  0.6804 
0.1293  0.6777 
0.1327  0.6694 
0.1361  0.6529 
0.1395  0.6281 
0.1429  0.6253 
0.1463  0.6143 
0.1497  0.6116 
0.1531  0.6088 
0.1565  0.6088 
0.1599  0.6088 
0.1633  0.6088 
0.1667  0.6088 
0.1701  0.6088 
0.1735  0.6088 
0.1769  0.6088 
0.1803  0.5950 
0.1837  0.5510 
0.1871  0.5482 
0.1905  0.5455 
0.1939  0.3223 
0.1973  0.3196 
0.2007  0.3196 
0.2041  0.3196 
0.2075  0.3196 
0.2109  0.3196 
0.2143  0.3196 
0.2177  0.3196 
0.2211  0.3196 
0.2245  0.3196 
0.2279  0.3196 
0.2313  0.3196 
0.2347  0.3196 
0.2381  0.3196 
0.2415  0.3196 
0.2449  0.3196 
0.2483  0.3196 
0.2517  0.3196 
0.2551  0.3196 
0.2585  0.3196 
0.2619  0.3196 
0.2653  0.3196 
0.2687  0.3196 
0.2721  0.3168 
0.2755  0.3140 
0.2789  0.3140 
0.2823  0.3030 
0.2857  0.3003 
0.2891  0.2066 
0.2925  0.1267 
0.2959  0.1267 
0.2993  0.1267 
0.3027  0.0909 
0.3061  0.0909 
0.3095  0.0909 
0.3129  0.0909 
0.3163  0.0909 
0.3197  0.0909 
0.3231  0.0909 
0.3265  0.0909 
0.3299  0.0909 
0.3333  0.0909 
0.3367  0.0909 
0.3401  0.0882 
0.3435  0.0854 
0.3469  0.0826 
0.3503  0.0799 
0.3537  0.0771 
0.3571  0.0744 
0.3605  0.0716 
0.3639  0.0689 
0.3673  0.0661 
0.3707  0.0634 
0.3741  0.0606 
0.3776  0.0579 
0.3810  0.0551 
0.3844  0.0523 
0.3878  0.0496 
0.3912  0.0496 
0.3946  0.0496 
0.3980  0.0496 
0.4014  0.0496 
0.4048  0.0496 
0.4082  0.0496 
0.4116  0.0496 
0.4150  0.0496 
0.4184  0.0496 
0.4218  0.0496 
0.4252  0.0496 
0.4286  0.0496 
0.4320  0.0496 
0.4354  0.0496 
0.4388  0.0496 
0.4422  0.0496 
0.4456  0.0496 
0.4490  0.0496 
0.4524  0.0496 
0.4558  0.0496 
0.4592  0.0496 
0.4626  0.0496 
0.4660  0.0496 
0.4694  0.0496 
0.4728  0.0496 
0.4762  0.0496 
0.4796  0.0496 
0.4830  0.0496 
0.4864  0.0496 
0.4898  0.0496 
0.4932  0.0496 
0.4966  0.0496 
0.5000  0.0496 
0.5034  0.0496 
0.5068  0.0496 
0.5102  0.0468 
0.5136  0.0468 
0.5170  0.0468 
0.5204  0.0468 
0.5238  0.0468 
0.5272  0.0468 
0.5306  0.0468 
0.5340  0.0468 
0.5374  0.0468 
0.5408  0.0468 
0.5442  0.0468 
0.5476  0.0468 
0.5510  0.0468 
0.5544  0.0468 
0.5578  0.0468 
0.5612  0.0468 
0.5646  0.0468 
0.5680  0.0468 
0.5714  0.0468 
0.5748  0.0468 
0.5782  0.0468 
0.5816  0.0468 
0.5850  0.0468 
0.5884  0.0468 
0.5918  0.0468 
0.5952  0.0468 
0.5986  0.0468 
0.6020  0.0468 
0.6054  0.0468 
0.6088  0.0468 
0.6122  0.0468 
0.6156  0.0468 
0.6190  0.0468 
0.6224  0.0468 
0.6259  0.0468 
0.6293  0.0468 
0.6327  0.0468 
0.6361  0.0468 
0.6395  0.0468 
0.6429  0.0468 
0.6463  0.0468 
0.6497  0.0468 
0.6531  0.0468 
0.6565  0.0468 
0.6599  0.0468 
0.6633  0.0468 
0.6667  0.0468 
0.6701  0.0468 
0.6735  0.0468 
0.6769  0.0468 
0.6803  0.0468 
0.6837  0.0468 
0.6871  0.0468 
0.6905  0.0468 
0.6939  0.0468 
0.6973  0.0468 
0.7007  0.0468 
0.7041  0.0468 
0.7075  0.0468 
0.7109  0.0468 
0.7143  0.0468 
0.7177  0.0468 
0.7211  0.0468 
0.7245  0.0468 
0.7279  0.0468 
0.7313  0.0468 
0.7347  0.0468 
0.7381  0.0468 
0.7415  0.0468 
0.7449  0.0468 
0.7483  0.0468 
0.7517  0.0468 
0.7551  0.0468 
0.7585  0.0468 
0.7619  0.0468 
0.7653  0.0468 
0.7687  0.0468 
0.7721  0.0468 
0.7755  0.0468 
0.7789  0.0468 
0.7823  0.0468 
0.7857  0.0468 
0.7891  0.0468 
0.7925  0.0468 
0.7959  0.0468 
0.7993  0.0468 
0.8027  0.0468 
0.8061  0.0468 
0.8095  0.0468 
0.8129  0.0468 
0.8163  0.0468 
0.8197  0.0468 
0.8231  0.0468 
0.8265  0.0468 
0.8299  0.0468 
0.8333  0.0468 
0.8367  0.0468 
0.8401  0.0468 
0.8435  0.0468 
0.8469  0.0468 
0.8503  0.0468 
0.8537  0.0468 
0.8571  0.0468 
0.8605  0.0468 
0.8639  0.0468 
0.8673  0.0468 
0.8707  0.0468 
0.8741  0.0468 
0.8776  0.0468 
0.8810  0.0468 
0.8844  0.0468 
0.8878  0.0468 
0.8912  0.0468 
0.8946  0.0468 
0.8980  0.0468 
0.9014  0.0468 
0.9048  0.0468 
0.9082  0.0468 
0.9116  0.0468 
0.9150  0.0468 
0.9184  0.0468 
0.9218  0.0468 
0.9252  0.0441 
0.9286  0.0413 
0.9320  0.0386 
0.9354  0.0358 
0.9388  0.0331 
0.9422  0.0303 
0.9456  0.0275 
0.9490  0.0248 
0.9524  0.0248 
0.9558  0.0220 
0.9592  0.0193 
0.9626  0.0193 
0.9660  0.0165 
0.9694  0.0138 
0.9728  0.0138 
0.9762  0.0110 
0.9796  0.0110 
0.9830  0.0110 
0.9864  0.0083 
0.9898  0.0055 
0.9932  0.0055 
0.9966  0.0028 
1.0000  0.0000 
