0.0000  1.0000 
0.0123  0.9615 
0.0247  0.9423 
0.0370  0.9231 
0.0494  0.9038 
0.0617  0.8846 
0.0741  0.8846 
0.0864  0.8654 
0.0988  0.8558 
0.1111  0.8365 
0.1235  0.8173 
0.1358  0.8077 
0.1481  0.7885 
0.1605  0.7788 
0.1728  0.7596 
0.1852  0.7500 
0.1975  0.7404 
0.2099  0.7212 
0.2222  0.7115 
0.2346  0.7019 
0.2469  0.6827 
0.2593  0.6731 
0.2716  0.6635 
0.2840  0.6442 
0.2963  0.6346 
0.3086  0.6058 
0.3210  0.6058 
0.3333  0.5962 
0.3457  0.5865 
0.3580  0.5577 
0.3704  0.5577 
0.3827  0.5288 
0.3951  0.5288 
0.4074  0.5192 
0.4198  0.4904 
0.4321  0.4904 
0.4444  0.4808 
0.4568  0.4712 
0.4691  0.4519 
0.4815  0.4423 
0.4938  0.4327 
0.5062  0.4038 
0.5185  0.4038 
0.5309  0.3942 
0.5432  0.3654 
0.5556  0.3654 
0.5679  0.3558 
0.5802  0.3462 
0.5926  0.3365 
0.6049  0.3269 
0.6173  0.3173 
0.6296  0.2500 
0.6420  0.2500 
0.6543  0.2500 
0.6667  0.2500 
0.6790  0.2500 
0.6914  0.2500 
0.7037  0.2404 
0.7160  0.2308 
0.7284  0.2212 
0.7407  0.1250 
0.7531  0.1250 
0.7654  0.1250 
0.7778  0.1250 
0.7901  0.1250 
0.8025  0.1250 
0.8148  0.1250 
0.8272  0.1250 
0.8395  0.1250 
0.8519  0.1154 
0.8642  0.1058 
0.8765  0.0962 
0.8889  0.0865 
0.9012  0.0769 
0.9136  0.0673 
0.9259  0.0577 
0.9383  0.0481 
0.9506  0.0385 
0.9630  0.0288 
0.9753  0.0192 
0.9877  0.0096 
1.0000  0.0000 
