0.0000  1.0000 
0.0263  0.9792 
0.0526  0.9583 
0.0789  0.9375 
0.1053  0.9167 
0.1316  0.8958 
0.1579  0.8750 
0.1842  0.8542 
0.2105  0.8333 
0.2368  0.8125 
0.2632  0.7500 
0.2895  0.7292 
0.3158  0.7083 
0.3421  0.6875 
0.3684  0.6667 
0.3947  0.6458 
0.4211  0.6250 
0.4474  0.5833 
0.4737  0.5417 
0.5000  0.4375 
0.5263  0.3958 
0.5526  0.3333 
0.5789  0.1875 
0.6053  0.1250 
0.6316  0.0833 
0.6579  0.0833 
0.6842  0.0833 
0.7105  0.0833 
0.7368  0.0833 
0.7632  0.0833 
0.7895  0.0833 
0.8158  0.0833 
0.8421  0.0833 
0.8684  0.0833 
0.8947  0.0625 
0.9211  0.0417 
0.9474  0.0417 
0.9737  0.0208 
1.0000  0.0000 
