0.0000  1.0000 
0.0085  0.9819 
0.0169  0.9699 
0.0254  0.9518 
0.0339  0.9458 
0.0424  0.9398 
0.0508  0.9277 
0.0593  0.8795 
0.0678  0.8614 
0.0763  0.8313 
0.0847  0.8193 
0.0932  0.8133 
0.1017  0.8072 
0.1102  0.8012 
0.1186  0.7952 
0.1271  0.7831 
0.1356  0.7771 
0.1441  0.7530 
0.1525  0.7048 
0.1610  0.6988 
0.1695  0.6928 
0.1780  0.6807 
0.1864  0.6747 
0.1949  0.6747 
0.2034  0.6687 
0.2119  0.6627 
0.2203  0.6265 
0.2288  0.5964 
0.2373  0.5904 
0.2458  0.5361 
0.2542  0.5361 
0.2627  0.5301 
0.2712  0.4217 
0.2797  0.4217 
0.2881  0.4157 
0.2966  0.3916 
0.3051  0.3916 
0.3136  0.3916 
0.3220  0.3494 
0.3305  0.3434 
0.3390  0.3313 
0.3475  0.3133 
0.3559  0.2711 
0.3644  0.2711 
0.3729  0.2651 
0.3814  0.1807 
0.3898  0.1807 
0.3983  0.1807 
0.4068  0.1807 
0.4153  0.1807 
0.4237  0.1807 
0.4322  0.1807 
0.4407  0.1807 
0.4492  0.1807 
0.4576  0.1807 
0.4661  0.1687 
0.4746  0.1687 
0.4831  0.1687 
0.4915  0.1687 
0.5000  0.1687 
0.5085  0.1687 
0.5169  0.1687 
0.5254  0.1687 
0.5339  0.1687 
0.5424  0.1687 
0.5508  0.1687 
0.5593  0.1687 
0.5678  0.1687 
0.5763  0.1627 
0.5847  0.1566 
0.5932  0.1506 
0.6017  0.1446 
0.6102  0.1386 
0.6186  0.1325 
0.6271  0.1265 
0.6356  0.1205 
0.6441  0.1145 
0.6525  0.1084 
0.6610  0.1024 
0.6695  0.0964 
0.6780  0.0904 
0.6864  0.0843 
0.6949  0.0783 
0.7034  0.0723 
0.7119  0.0663 
0.7203  0.0602 
0.7288  0.0542 
0.7373  0.0482 
0.7458  0.0422 
0.7542  0.0361 
0.7627  0.0301 
0.7712  0.0301 
0.7797  0.0301 
0.7881  0.0301 
0.7966  0.0301 
0.8051  0.0301 
0.8136  0.0301 
0.8220  0.0301 
0.8305  0.0301 
0.8390  0.0241 
0.8475  0.0181 
0.8559  0.0181 
0.8644  0.0181 
0.8729  0.0181 
0.8814  0.0181 
0.8898  0.0181 
0.8983  0.0181 
0.9068  0.0181 
0.9153  0.0181 
0.9237  0.0181 
0.9322  0.0181 
0.9407  0.0181 
0.9492  0.0181 
0.9576  0.0181 
0.9661  0.0181 
0.9746  0.0181 
0.9831  0.0120 
0.9915  0.0060 
1.0000  0.0000 
