0.0000  1.0000 
0.0204  0.9667 
0.0408  0.9333 
0.0612  0.9111 
0.0816  0.7333 
0.1020  0.6333 
0.1224  0.5444 
0.1429  0.5444 
0.1633  0.5333 
0.1837  0.4667 
0.2041  0.4000 
0.2245  0.3556 
0.2449  0.3222 
0.2653  0.3222 
0.2857  0.3222 
0.3061  0.3222 
0.3265  0.2778 
0.3469  0.2667 
0.3673  0.2556 
0.3878  0.2111 
0.4082  0.2111 
0.4286  0.1556 
0.4490  0.1111 
0.4694  0.0778 
0.4898  0.0778 
0.5102  0.0778 
0.5306  0.0778 
0.5510  0.0444 
0.5714  0.0444 
0.5918  0.0444 
0.6122  0.0444 
0.6327  0.0444 
0.6531  0.0444 
0.6735  0.0444 
0.6939  0.0444 
0.7143  0.0333 
0.7347  0.0333 
0.7551  0.0333 
0.7755  0.0333 
0.7959  0.0333 
0.8163  0.0333 
0.8367  0.0333 
0.8571  0.0333 
0.8776  0.0333 
0.8980  0.0333 
0.9184  0.0333 
0.9388  0.0222 
0.9592  0.0222 
0.9796  0.0111 
1.0000  0.0000 
