0.0000  1.0000 
0.0072  0.9888 
0.0144  0.9831 
0.0216  0.9775 
0.0288  0.9719 
0.0360  0.9663 
0.0432  0.9551 
0.0504  0.9494 
0.0576  0.9438 
0.0647  0.9382 
0.0719  0.9270 
0.0791  0.9213 
0.0863  0.9157 
0.0935  0.9101 
0.1007  0.9045 
0.1079  0.8989 
0.1151  0.8933 
0.1223  0.8876 
0.1295  0.8820 
0.1367  0.8764 
0.1439  0.8708 
0.1511  0.8483 
0.1583  0.8427 
0.1655  0.8371 
0.1727  0.8315 
0.1799  0.8258 
0.1871  0.8202 
0.1942  0.8146 
0.2014  0.8090 
0.2086  0.8034 
0.2158  0.7809 
0.2230  0.7753 
0.2302  0.7697 
0.2374  0.7640 
0.2446  0.7584 
0.2518  0.7528 
0.2590  0.7472 
0.2662  0.7247 
0.2734  0.7191 
0.2806  0.7135 
0.2878  0.7079 
0.2950  0.7022 
0.3022  0.6966 
0.3094  0.6910 
0.3165  0.5899 
0.3237  0.5843 
0.3309  0.5787 
0.3381  0.5730 
0.3453  0.5674 
0.3525  0.5281 
0.3597  0.3483 
0.3669  0.3483 
0.3741  0.3315 
0.3813  0.3315 
0.3885  0.3315 
0.3957  0.3315 
0.4029  0.3315 
0.4101  0.3315 
0.4173  0.3315 
0.4245  0.3315 
0.4317  0.3315 
0.4388  0.3315 
0.4460  0.3315 
0.4532  0.3315 
0.4604  0.3315 
0.4676  0.3315 
0.4748  0.3315 
0.4820  0.3315 
0.4892  0.3315 
0.4964  0.3315 
0.5036  0.3315 
0.5108  0.3315 
0.5180  0.3315 
0.5252  0.3315 
0.5324  0.3315 
0.5396  0.3315 
0.5468  0.3315 
0.5540  0.3315 
0.5612  0.3315 
0.5683  0.3315 
0.5755  0.3315 
0.5827  0.3315 
0.5899  0.3315 
0.5971  0.3315 
0.6043  0.3315 
0.6115  0.3315 
0.6187  0.3315 
0.6259  0.3315 
0.6331  0.3315 
0.6403  0.3315 
0.6475  0.3315 
0.6547  0.3315 
0.6619  0.2978 
0.6691  0.2865 
0.6763  0.2584 
0.6835  0.2191 
0.6906  0.1854 
0.6978  0.1348 
0.7050  0.1348 
0.7122  0.1236 
0.7194  0.0955 
0.7266  0.0955 
0.7338  0.0843 
0.7410  0.0843 
0.7482  0.0506 
0.7554  0.0506 
0.7626  0.0449 
0.7698  0.0337 
0.7770  0.0337 
0.7842  0.0337 
0.7914  0.0337 
0.7986  0.0337 
0.8058  0.0337 
0.8129  0.0337 
0.8201  0.0337 
0.8273  0.0337 
0.8345  0.0337 
0.8417  0.0337 
0.8489  0.0337 
0.8561  0.0337 
0.8633  0.0337 
0.8705  0.0337 
0.8777  0.0337 
0.8849  0.0337 
0.8921  0.0337 
0.8993  0.0337 
0.9065  0.0337 
0.9137  0.0281 
0.9209  0.0225 
0.9281  0.0225 
0.9353  0.0225 
0.9424  0.0225 
0.9496  0.0225 
0.9568  0.0225 
0.9640  0.0225 
0.9712  0.0225 
0.9784  0.0169 
0.9856  0.0112 
0.9928  0.0056 
1.0000  0.0000 
