0.0000  1.0000 
0.0031  0.9903 
0.0063  0.9806 
0.0094  0.9782 
0.0126  0.9757 
0.0157  0.9733 
0.0189  0.9709 
0.0220  0.9636 
0.0252  0.9587 
0.0283  0.9490 
0.0314  0.9417 
0.0346  0.9393 
0.0377  0.9272 
0.0409  0.9199 
0.0440  0.9078 
0.0472  0.9029 
0.0503  0.9005 
0.0535  0.8981 
0.0566  0.8956 
0.0597  0.8908 
0.0629  0.8859 
0.0660  0.8835 
0.0692  0.8786 
0.0723  0.8762 
0.0755  0.8738 
0.0786  0.8665 
0.0818  0.8641 
0.0849  0.8592 
0.0881  0.8568 
0.0912  0.8544 
0.0943  0.8447 
0.0975  0.8422 
0.1006  0.8398 
0.1038  0.8374 
0.1069  0.8350 
0.1101  0.8301 
0.1132  0.8228 
0.1164  0.8204 
0.1195  0.8034 
0.1226  0.8010 
0.1258  0.7888 
0.1289  0.7864 
0.1321  0.7816 
0.1352  0.7791 
0.1384  0.7767 
0.1415  0.7743 
0.1447  0.7718 
0.1478  0.7694 
0.1509  0.7597 
0.1541  0.7549 
0.1572  0.7500 
0.1604  0.7427 
0.1635  0.7282 
0.1667  0.7257 
0.1698  0.7136 
0.1730  0.7112 
0.1761  0.7087 
0.1792  0.6990 
0.1824  0.6966 
0.1855  0.6942 
0.1887  0.6917 
0.1918  0.6869 
0.1950  0.6796 
0.1981  0.6723 
0.2013  0.6699 
0.2044  0.6529 
0.2075  0.6408 
0.2107  0.6238 
0.2138  0.6214 
0.2170  0.6214 
0.2201  0.6189 
0.2233  0.6165 
0.2264  0.6141 
0.2296  0.5995 
0.2327  0.5777 
0.2358  0.5752 
0.2390  0.5728 
0.2421  0.5680 
0.2453  0.5655 
0.2484  0.5558 
0.2516  0.5097 
0.2547  0.5073 
0.2579  0.5049 
0.2610  0.5049 
0.2642  0.5000 
0.2673  0.4951 
0.2704  0.4927 
0.2736  0.4927 
0.2767  0.4854 
0.2799  0.4636 
0.2830  0.4175 
0.2862  0.4150 
0.2893  0.3932 
0.2925  0.3932 
0.2956  0.3932 
0.2987  0.3908 
0.3019  0.3835 
0.3050  0.3641 
0.3082  0.3641 
0.3113  0.3617 
0.3145  0.3447 
0.3176  0.3422 
0.3208  0.3398 
0.3239  0.3301 
0.3270  0.3277 
0.3302  0.3252 
0.3333  0.3252 
0.3365  0.3252 
0.3396  0.3034 
0.3428  0.2913 
0.3459  0.2913 
0.3491  0.2913 
0.3522  0.2888 
0.3553  0.2888 
0.3585  0.2840 
0.3616  0.2646 
0.3648  0.2621 
0.3679  0.2597 
0.3711  0.2524 
0.3742  0.2524 
0.3774  0.2354 
0.3805  0.2354 
0.3836  0.2330 
0.3868  0.2330 
0.3899  0.2330 
0.3931  0.2330 
0.3962  0.2330 
0.3994  0.2330 
0.4025  0.2282 
0.4057  0.2282 
0.4088  0.2257 
0.4119  0.2257 
0.4151  0.2257 
0.4182  0.2257 
0.4214  0.2233 
0.4245  0.2209 
0.4277  0.2184 
0.4308  0.2184 
0.4340  0.2184 
0.4371  0.2160 
0.4403  0.2136 
0.4434  0.2063 
0.4465  0.1117 
0.4497  0.0922 
0.4528  0.0922 
0.4560  0.0922 
0.4591  0.0922 
0.4623  0.0752 
0.4654  0.0752 
0.4686  0.0752 
0.4717  0.0752 
0.4748  0.0752 
0.4780  0.0752 
0.4811  0.0752 
0.4843  0.0752 
0.4874  0.0752 
0.4906  0.0752 
0.4937  0.0752 
0.4969  0.0752 
0.5000  0.0728 
0.5031  0.0728 
0.5063  0.0728 
0.5094  0.0728 
0.5126  0.0728 
0.5157  0.0728 
0.5189  0.0728 
0.5220  0.0728 
0.5252  0.0728 
0.5283  0.0728 
0.5314  0.0728 
0.5346  0.0728 
0.5377  0.0704 
0.5409  0.0704 
0.5440  0.0704 
0.5472  0.0680 
0.5503  0.0680 
0.5535  0.0680 
0.5566  0.0680 
0.5597  0.0680 
0.5629  0.0680 
0.5660  0.0680 
0.5692  0.0680 
0.5723  0.0680 
0.5755  0.0680 
0.5786  0.0680 
0.5818  0.0680 
0.5849  0.0680 
0.5881  0.0680 
0.5912  0.0655 
0.5943  0.0655 
0.5975  0.0655 
0.6006  0.0655 
0.6038  0.0655 
0.6069  0.0655 
0.6101  0.0655 
0.6132  0.0655 
0.6164  0.0631 
0.6195  0.0631 
0.6226  0.0631 
0.6258  0.0631 
0.6289  0.0631 
0.6321  0.0631 
0.6352  0.0631 
0.6384  0.0631 
0.6415  0.0631 
0.6447  0.0607 
0.6478  0.0607 
0.6509  0.0607 
0.6541  0.0607 
0.6572  0.0607 
0.6604  0.0607 
0.6635  0.0607 
0.6667  0.0607 
0.6698  0.0607 
0.6730  0.0607 
0.6761  0.0607 
0.6792  0.0583 
0.6824  0.0583 
0.6855  0.0558 
0.6887  0.0558 
0.6918  0.0558 
0.6950  0.0558 
0.6981  0.0558 
0.7013  0.0534 
0.7044  0.0534 
0.7075  0.0534 
0.7107  0.0534 
0.7138  0.0534 
0.7170  0.0534 
0.7201  0.0534 
0.7233  0.0534 
0.7264  0.0510 
0.7296  0.0485 
0.7327  0.0485 
0.7358  0.0485 
0.7390  0.0485 
0.7421  0.0485 
0.7453  0.0485 
0.7484  0.0485 
0.7516  0.0485 
0.7547  0.0485 
0.7579  0.0485 
0.7610  0.0485 
0.7642  0.0485 
0.7673  0.0485 
0.7704  0.0461 
0.7736  0.0461 
0.7767  0.0437 
0.7799  0.0437 
0.7830  0.0437 
0.7862  0.0413 
0.7893  0.0388 
0.7925  0.0388 
0.7956  0.0364 
0.7987  0.0340 
0.8019  0.0316 
0.8050  0.0316 
0.8082  0.0291 
0.8113  0.0267 
0.8145  0.0243 
0.8176  0.0218 
0.8208  0.0194 
0.8239  0.0194 
0.8270  0.0194 
0.8302  0.0170 
0.8333  0.0170 
0.8365  0.0170 
0.8396  0.0170 
0.8428  0.0170 
0.8459  0.0170 
0.8491  0.0170 
0.8522  0.0170 
0.8553  0.0170 
0.8585  0.0170 
0.8616  0.0170 
0.8648  0.0170 
0.8679  0.0170 
0.8711  0.0170 
0.8742  0.0170 
0.8774  0.0170 
0.8805  0.0170 
0.8836  0.0146 
0.8868  0.0146 
0.8899  0.0121 
0.8931  0.0121 
0.8962  0.0121 
0.8994  0.0121 
0.9025  0.0121 
0.9057  0.0121 
0.9088  0.0121 
0.9119  0.0121 
0.9151  0.0121 
0.9182  0.0121 
0.9214  0.0121 
0.9245  0.0121 
0.9277  0.0121 
0.9308  0.0121 
0.9340  0.0097 
0.9371  0.0097 
0.9403  0.0097 
0.9434  0.0097 
0.9465  0.0097 
0.9497  0.0073 
0.9528  0.0073 
0.9560  0.0073 
0.9591  0.0073 
0.9623  0.0073 
0.9654  0.0073 
0.9686  0.0049 
0.9717  0.0049 
0.9748  0.0049 
0.9780  0.0049 
0.9811  0.0049 
0.9843  0.0049 
0.9874  0.0049 
0.9906  0.0049 
0.9937  0.0049 
0.9969  0.0024 
1.0000  0.0000 
