0.0000  1.0000 
0.0085  0.9929 
0.0169  0.9858 
0.0254  0.9787 
0.0339  0.9716 
0.0424  0.9504 
0.0508  0.9433 
0.0593  0.9362 
0.0678  0.9291 
0.0763  0.8936 
0.0847  0.8582 
0.0932  0.8511 
0.1017  0.8369 
0.1102  0.8298 
0.1186  0.8085 
0.1271  0.8014 
0.1356  0.7943 
0.1441  0.7872 
0.1525  0.7801 
0.1610  0.7730 
0.1695  0.7589 
0.1780  0.7447 
0.1864  0.7376 
0.1949  0.7305 
0.2034  0.7021 
0.2119  0.6950 
0.2203  0.6879 
0.2288  0.6879 
0.2373  0.6454 
0.2458  0.5957 
0.2542  0.4326 
0.2627  0.4113 
0.2712  0.2057 
0.2797  0.2057 
0.2881  0.1560 
0.2966  0.1489 
0.3051  0.1489 
0.3136  0.1489 
0.3220  0.1348 
0.3305  0.0993 
0.3390  0.0993 
0.3475  0.0993 
0.3559  0.0993 
0.3644  0.0922 
0.3729  0.0922 
0.3814  0.0922 
0.3898  0.0922 
0.3983  0.0851 
0.4068  0.0851 
0.4153  0.0851 
0.4237  0.0851 
0.4322  0.0851 
0.4407  0.0851 
0.4492  0.0851 
0.4576  0.0851 
0.4661  0.0851 
0.4746  0.0851 
0.4831  0.0851 
0.4915  0.0851 
0.5000  0.0851 
0.5085  0.0780 
0.5169  0.0780 
0.5254  0.0780 
0.5339  0.0780 
0.5424  0.0780 
0.5508  0.0780 
0.5593  0.0780 
0.5678  0.0780 
0.5763  0.0709 
0.5847  0.0709 
0.5932  0.0709 
0.6017  0.0709 
0.6102  0.0709 
0.6186  0.0638 
0.6271  0.0638 
0.6356  0.0638 
0.6441  0.0638 
0.6525  0.0638 
0.6610  0.0638 
0.6695  0.0638 
0.6780  0.0638 
0.6864  0.0638 
0.6949  0.0638 
0.7034  0.0638 
0.7119  0.0638 
0.7203  0.0638 
0.7288  0.0638 
0.7373  0.0638 
0.7458  0.0638 
0.7542  0.0567 
0.7627  0.0567 
0.7712  0.0567 
0.7797  0.0567 
0.7881  0.0567 
0.7966  0.0496 
0.8051  0.0496 
0.8136  0.0426 
0.8220  0.0426 
0.8305  0.0426 
0.8390  0.0355 
0.8475  0.0355 
0.8559  0.0355 
0.8644  0.0355 
0.8729  0.0355 
0.8814  0.0355 
0.8898  0.0355 
0.8983  0.0355 
0.9068  0.0355 
0.9153  0.0355 
0.9237  0.0355 
0.9322  0.0284 
0.9407  0.0213 
0.9492  0.0142 
0.9576  0.0142 
0.9661  0.0142 
0.9746  0.0142 
0.9831  0.0142 
0.9915  0.0071 
1.0000  0.0000 
