0.0000  1.0000 
0.0278  0.9362 
0.0556  0.9149 
0.0833  0.8511 
0.1111  0.8511 
0.1389  0.8298 
0.1667  0.7660 
0.1944  0.7660 
0.2222  0.7021 
0.2500  0.7021 
0.2778  0.6596 
0.3056  0.6383 
0.3333  0.5745 
0.3611  0.5745 
0.3889  0.5532 
0.4167  0.5319 
0.4444  0.4894 
0.4722  0.4681 
0.5000  0.4468 
0.5278  0.4255 
0.5556  0.3830 
0.5833  0.3617 
0.6111  0.2979 
0.6389  0.2979 
0.6667  0.2766 
0.6944  0.1702 
0.7222  0.1702 
0.7500  0.1702 
0.7778  0.1702 
0.8056  0.1489 
0.8333  0.1277 
0.8611  0.1064 
0.8889  0.0851 
0.9167  0.0638 
0.9444  0.0426 
0.9722  0.0213 
1.0000  0.0000 
