0.0000  1.0000 
0.0286  0.9792 
0.0571  0.9583 
0.0857  0.9167 
0.1143  0.8542 
0.1429  0.8333 
0.1714  0.8125 
0.2000  0.7917 
0.2286  0.4583 
0.2571  0.4583 
0.2857  0.4375 
0.3143  0.4375 
0.3429  0.2292 
0.3714  0.2292 
0.4000  0.2083 
0.4286  0.2083 
0.4571  0.2083 
0.4857  0.2083 
0.5143  0.1875 
0.5429  0.1667 
0.5714  0.1458 
0.6000  0.1250 
0.6286  0.1042 
0.6571  0.0833 
0.6857  0.0833 
0.7143  0.0833 
0.7429  0.0833 
0.7714  0.0833 
0.8000  0.0833 
0.8286  0.0833 
0.8571  0.0625 
0.8857  0.0417 
0.9143  0.0417 
0.9429  0.0417 
0.9714  0.0208 
1.0000  0.0000 
