0.0000  1.0000 
0.0015  0.9975 
0.0030  0.9949 
0.0045  0.9949 
0.0060  0.9937 
0.0075  0.9911 
0.0090  0.9886 
0.0105  0.9873 
0.0120  0.9848 
0.0135  0.9835 
0.0150  0.9810 
0.0165  0.9797 
0.0180  0.9772 
0.0195  0.9759 
0.0210  0.9747 
0.0225  0.9721 
0.0240  0.9708 
0.0255  0.9683 
0.0270  0.9670 
0.0285  0.9658 
0.0300  0.9645 
0.0315  0.9632 
0.0330  0.9620 
0.0345  0.9607 
0.0360  0.9594 
0.0375  0.9582 
0.0390  0.9569 
0.0405  0.9518 
0.0420  0.9506 
0.0435  0.9493 
0.0450  0.9480 
0.0465  0.9468 
0.0480  0.9455 
0.0495  0.9430 
0.0511  0.9392 
0.0526  0.9392 
0.0541  0.9392 
0.0556  0.9392 
0.0571  0.9392 
0.0586  0.9379 
0.0601  0.9366 
0.0616  0.9354 
0.0631  0.9328 
0.0646  0.9316 
0.0661  0.9303 
0.0676  0.9290 
0.0691  0.9265 
0.0706  0.9252 
0.0721  0.9240 
0.0736  0.9214 
0.0751  0.9202 
0.0766  0.9189 
0.0781  0.9163 
0.0796  0.9151 
0.0811  0.9138 
0.0826  0.9113 
0.0841  0.9100 
0.0856  0.9087 
0.0871  0.9049 
0.0886  0.9049 
0.0901  0.9037 
0.0916  0.9024 
0.0931  0.8999 
0.0946  0.8986 
0.0961  0.8973 
0.0976  0.8961 
0.0991  0.8948 
0.1006  0.8935 
0.1021  0.8923 
0.1036  0.8910 
0.1051  0.8872 
0.1066  0.8859 
0.1081  0.8834 
0.1096  0.8821 
0.1111  0.8809 
0.1126  0.8783 
0.1141  0.8771 
0.1156  0.8758 
0.1171  0.8745 
0.1186  0.8733 
0.1201  0.8720 
0.1216  0.8720 
0.1231  0.8707 
0.1246  0.8682 
0.1261  0.8669 
0.1276  0.8644 
0.1291  0.8631 
0.1306  0.8606 
0.1321  0.8580 
0.1336  0.8568 
0.1351  0.8555 
0.1366  0.8542 
0.1381  0.8530 
0.1396  0.8517 
0.1411  0.8504 
0.1426  0.8479 
0.1441  0.8454 
0.1456  0.8428 
0.1471  0.8416 
0.1486  0.8403 
0.1502  0.8378 
0.1517  0.8365 
0.1532  0.8352 
0.1547  0.8327 
0.1562  0.8314 
0.1577  0.8276 
0.1592  0.8276 
0.1607  0.8264 
0.1622  0.8251 
0.1637  0.8238 
0.1652  0.8213 
0.1667  0.8200 
0.1682  0.8188 
0.1697  0.8175 
0.1712  0.8150 
0.1727  0.8137 
0.1742  0.8124 
0.1757  0.8112 
0.1772  0.8099 
0.1787  0.8061 
0.1802  0.8061 
0.1817  0.8048 
0.1832  0.8035 
0.1847  0.8010 
0.1862  0.7997 
0.1877  0.7985 
0.1892  0.7972 
0.1907  0.7947 
0.1922  0.7934 
0.1937  0.7921 
0.1952  0.7909 
0.1967  0.7858 
0.1982  0.7845 
0.1997  0.7833 
0.2012  0.7820 
0.2027  0.7807 
0.2042  0.7795 
0.2057  0.7744 
0.2072  0.7731 
0.2087  0.7693 
0.2102  0.7693 
0.2117  0.7681 
0.2132  0.7668 
0.2147  0.7643 
0.2162  0.7643 
0.2177  0.7643 
0.2192  0.7605 
0.2207  0.7605 
0.2222  0.7592 
0.2237  0.7579 
0.2252  0.7554 
0.2267  0.7541 
0.2282  0.7503 
0.2297  0.7503 
0.2312  0.7490 
0.2327  0.7490 
0.2342  0.7490 
0.2357  0.7478 
0.2372  0.7452 
0.2387  0.7440 
0.2402  0.7427 
0.2417  0.7414 
0.2432  0.7402 
0.2447  0.7364 
0.2462  0.7364 
0.2477  0.7351 
0.2492  0.7338 
0.2508  0.7313 
0.2523  0.7300 
0.2538  0.7275 
0.2553  0.7262 
0.2568  0.7224 
0.2583  0.7224 
0.2598  0.7174 
0.2613  0.7174 
0.2628  0.7174 
0.2643  0.7161 
0.2658  0.7148 
0.2673  0.7123 
0.2688  0.7110 
0.2703  0.7098 
0.2718  0.7072 
0.2733  0.7060 
0.2748  0.7047 
0.2763  0.7034 
0.2778  0.6996 
0.2793  0.6996 
0.2808  0.6984 
0.2823  0.6971 
0.2838  0.6958 
0.2853  0.6933 
0.2868  0.6920 
0.2883  0.6895 
0.2898  0.6882 
0.2913  0.6869 
0.2928  0.6831 
0.2943  0.6831 
0.2958  0.6819 
0.2973  0.6806 
0.2988  0.6793 
0.3003  0.6768 
0.3018  0.6755 
0.3033  0.6717 
0.3048  0.6717 
0.3063  0.6705 
0.3078  0.6692 
0.3093  0.6654 
0.3108  0.6654 
0.3123  0.6591 
0.3138  0.6591 
0.3153  0.6591 
0.3168  0.6591 
0.3183  0.6578 
0.3198  0.6565 
0.3213  0.6553 
0.3228  0.6540 
0.3243  0.6527 
0.3258  0.6502 
0.3273  0.6489 
0.3288  0.6477 
0.3303  0.6439 
0.3318  0.6439 
0.3333  0.6426 
0.3348  0.6375 
0.3363  0.6375 
0.3378  0.6375 
0.3393  0.6362 
0.3408  0.6350 
0.3423  0.6312 
0.3438  0.6312 
0.3453  0.6299 
0.3468  0.6286 
0.3483  0.6274 
0.3498  0.6261 
0.3514  0.6236 
0.3529  0.6223 
0.3544  0.6210 
0.3559  0.6198 
0.3574  0.6172 
0.3589  0.6160 
0.3604  0.6147 
0.3619  0.6096 
0.3634  0.6096 
0.3649  0.6096 
0.3664  0.6084 
0.3679  0.6071 
0.3694  0.6058 
0.3709  0.6046 
0.3724  0.6008 
0.3739  0.6008 
0.3754  0.5995 
0.3769  0.5982 
0.3784  0.5970 
0.3799  0.5957 
0.3814  0.5944 
0.3829  0.5919 
0.3844  0.5906 
0.3859  0.5894 
0.3874  0.5868 
0.3889  0.5856 
0.3904  0.5843 
0.3919  0.5830 
0.3934  0.5817 
0.3949  0.5792 
0.3964  0.5779 
0.3979  0.5767 
0.3994  0.5754 
0.4009  0.5741 
0.4024  0.5729 
0.4039  0.5716 
0.4054  0.5703 
0.4069  0.5691 
0.4084  0.5678 
0.4099  0.5640 
0.4114  0.5640 
0.4129  0.5602 
0.4144  0.5602 
0.4159  0.5589 
0.4174  0.5577 
0.4189  0.5564 
0.4204  0.5551 
0.4219  0.5539 
0.4234  0.5526 
0.4249  0.5450 
0.4264  0.5437 
0.4279  0.5425 
0.4294  0.5361 
0.4309  0.5361 
0.4324  0.5361 
0.4339  0.5361 
0.4354  0.5361 
0.4369  0.5361 
0.4384  0.5361 
0.4399  0.5361 
0.4414  0.5349 
0.4429  0.5336 
0.4444  0.5323 
0.4459  0.5272 
0.4474  0.5272 
0.4489  0.5272 
0.4505  0.5260 
0.4520  0.5247 
0.4535  0.5222 
0.4550  0.5209 
0.4565  0.5158 
0.4580  0.5158 
0.4595  0.5158 
0.4610  0.5146 
0.4625  0.5095 
0.4640  0.5082 
0.4655  0.5032 
0.4670  0.5032 
0.4685  0.5032 
0.4700  0.5032 
0.4715  0.5032 
0.4730  0.5019 
0.4745  0.5006 
0.4760  0.4994 
0.4775  0.4981 
0.4790  0.4956 
0.4805  0.4892 
0.4820  0.4892 
0.4835  0.4892 
0.4850  0.4892 
0.4865  0.4842 
0.4880  0.4842 
0.4895  0.4842 
0.4910  0.4829 
0.4925  0.4816 
0.4940  0.4804 
0.4955  0.4791 
0.4970  0.4778 
0.4985  0.4766 
0.5000  0.4753 
0.5015  0.4740 
0.5030  0.4728 
0.5045  0.4715 
0.5060  0.4702 
0.5075  0.4689 
0.5090  0.4677 
0.5105  0.4651 
0.5120  0.4639 
0.5135  0.4588 
0.5150  0.4588 
0.5165  0.4588 
0.5180  0.4575 
0.5195  0.4563 
0.5210  0.4550 
0.5225  0.4512 
0.5240  0.4512 
0.5255  0.4474 
0.5270  0.4461 
0.5285  0.4449 
0.5300  0.4436 
0.5315  0.4385 
0.5330  0.4385 
0.5345  0.4385 
0.5360  0.4385 
0.5375  0.4373 
0.5390  0.4347 
0.5405  0.4335 
0.5420  0.4322 
0.5435  0.4309 
0.5450  0.4233 
0.5465  0.4233 
0.5480  0.4233 
0.5495  0.4233 
0.5511  0.4233 
0.5526  0.4221 
0.5541  0.4157 
0.5556  0.4157 
0.5571  0.4157 
0.5586  0.4157 
0.5601  0.4144 
0.5616  0.4132 
0.5631  0.4119 
0.5646  0.4106 
0.5661  0.4094 
0.5676  0.4081 
0.5691  0.4043 
0.5706  0.4043 
0.5721  0.4030 
0.5736  0.4018 
0.5751  0.3954 
0.5766  0.3942 
0.5781  0.3929 
0.5796  0.3891 
0.5811  0.3891 
0.5826  0.3802 
0.5841  0.3802 
0.5856  0.3802 
0.5871  0.3802 
0.5886  0.3802 
0.5901  0.3802 
0.5916  0.3802 
0.5931  0.3802 
0.5946  0.3802 
0.5961  0.3790 
0.5976  0.3777 
0.5991  0.3764 
0.6006  0.3752 
0.6021  0.3739 
0.6036  0.3726 
0.6051  0.3688 
0.6066  0.3688 
0.6081  0.3638 
0.6096  0.3638 
0.6111  0.3638 
0.6126  0.3549 
0.6141  0.3536 
0.6156  0.3536 
0.6171  0.3536 
0.6186  0.3536 
0.6201  0.3536 
0.6216  0.3536 
0.6231  0.3523 
0.6246  0.3511 
0.6261  0.3447 
0.6276  0.3447 
0.6291  0.3447 
0.6306  0.3447 
0.6321  0.3435 
0.6336  0.3422 
0.6351  0.3409 
0.6366  0.3397 
0.6381  0.3359 
0.6396  0.3359 
0.6411  0.3346 
0.6426  0.3333 
0.6441  0.3321 
0.6456  0.3308 
0.6471  0.3295 
0.6486  0.3283 
0.6502  0.3270 
0.6517  0.3257 
0.6532  0.3219 
0.6547  0.3219 
0.6562  0.3156 
0.6577  0.3156 
0.6592  0.3156 
0.6607  0.3156 
0.6622  0.3143 
0.6637  0.3080 
0.6652  0.3080 
0.6667  0.3080 
0.6682  0.3080 
0.6697  0.3067 
0.6712  0.2991 
0.6727  0.2991 
0.6742  0.2991 
0.6757  0.2991 
0.6772  0.2991 
0.6787  0.2978 
0.6802  0.2966 
0.6817  0.2953 
0.6832  0.2940 
0.6847  0.2902 
0.6862  0.2902 
0.6877  0.2890 
0.6892  0.2877 
0.6907  0.2864 
0.6922  0.2852 
0.6937  0.2839 
0.6952  0.2801 
0.6967  0.2801 
0.6982  0.2788 
0.6997  0.2776 
0.7012  0.2763 
0.7027  0.2750 
0.7042  0.2738 
0.7057  0.2725 
0.7072  0.2674 
0.7087  0.2674 
0.7102  0.2674 
0.7117  0.2662 
0.7132  0.2649 
0.7147  0.2636 
0.7162  0.2624 
0.7177  0.2611 
0.7192  0.2598 
0.7207  0.2535 
0.7222  0.2522 
0.7237  0.2522 
0.7252  0.2522 
0.7267  0.2522 
0.7282  0.2510 
0.7297  0.2497 
0.7312  0.2433 
0.7327  0.2433 
0.7342  0.2433 
0.7357  0.2433 
0.7372  0.2421 
0.7387  0.2408 
0.7402  0.2395 
0.7417  0.2294 
0.7432  0.2231 
0.7447  0.2231 
0.7462  0.2231 
0.7477  0.2231 
0.7492  0.2231 
0.7508  0.2231 
0.7523  0.2231 
0.7538  0.2231 
0.7553  0.2231 
0.7568  0.2231 
0.7583  0.2218 
0.7598  0.2205 
0.7613  0.2066 
0.7628  0.1977 
0.7643  0.1977 
0.7658  0.1977 
0.7673  0.1977 
0.7688  0.1977 
0.7703  0.1977 
0.7718  0.1965 
0.7733  0.1952 
0.7748  0.1863 
0.7763  0.1863 
0.7778  0.1863 
0.7793  0.1863 
0.7808  0.1863 
0.7823  0.1863 
0.7838  0.1774 
0.7853  0.1774 
0.7868  0.1774 
0.7883  0.1774 
0.7898  0.1774 
0.7913  0.1774 
0.7928  0.1762 
0.7943  0.1673 
0.7958  0.1673 
0.7973  0.1673 
0.7988  0.1673 
0.8003  0.1673 
0.8018  0.1673 
0.8033  0.1660 
0.8048  0.1648 
0.8063  0.1635 
0.8078  0.1622 
0.8093  0.1610 
0.8108  0.1597 
0.8123  0.1584 
0.8138  0.1572 
0.8153  0.1559 
0.8168  0.1496 
0.8183  0.1496 
0.8198  0.1496 
0.8213  0.1496 
0.8228  0.1483 
0.8243  0.1470 
0.8258  0.1394 
0.8273  0.1394 
0.8288  0.1394 
0.8303  0.1394 
0.8318  0.1394 
0.8333  0.1318 
0.8348  0.1318 
0.8363  0.1318 
0.8378  0.1318 
0.8393  0.1318 
0.8408  0.1217 
0.8423  0.1217 
0.8438  0.1217 
0.8453  0.1217 
0.8468  0.1217 
0.8483  0.1217 
0.8498  0.1217 
0.8514  0.1217 
0.8529  0.1217 
0.8544  0.1217 
0.8559  0.1217 
0.8574  0.1217 
0.8589  0.1217 
0.8604  0.1217 
0.8619  0.1217 
0.8634  0.1217 
0.8649  0.1204 
0.8664  0.1191 
0.8679  0.1052 
0.8694  0.1052 
0.8709  0.1052 
0.8724  0.1052 
0.8739  0.1052 
0.8754  0.1052 
0.8769  0.1052 
0.8784  0.1052 
0.8799  0.1052 
0.8814  0.1052 
0.8829  0.1039 
0.8844  0.0621 
0.8859  0.0621 
0.8874  0.0621 
0.8889  0.0621 
0.8904  0.0621 
0.8919  0.0621 
0.8934  0.0621 
0.8949  0.0621 
0.8964  0.0621 
0.8979  0.0621 
0.8994  0.0621 
0.9009  0.0621 
0.9024  0.0621 
0.9039  0.0431 
0.9054  0.0431 
0.9069  0.0431 
0.9084  0.0431 
0.9099  0.0431 
0.9114  0.0431 
0.9129  0.0431 
0.9144  0.0431 
0.9159  0.0431 
0.9174  0.0431 
0.9189  0.0431 
0.9204  0.0431 
0.9219  0.0431 
0.9234  0.0431 
0.9249  0.0418 
0.9264  0.0406 
0.9279  0.0241 
0.9294  0.0241 
0.9309  0.0241 
0.9324  0.0241 
0.9339  0.0241 
0.9354  0.0241 
0.9369  0.0241 
0.9384  0.0241 
0.9399  0.0241 
0.9414  0.0241 
0.9429  0.0241 
0.9444  0.0241 
0.9459  0.0241 
0.9474  0.0241 
0.9489  0.0241 
0.9505  0.0241 
0.9520  0.0241 
0.9535  0.0241 
0.9550  0.0241 
0.9565  0.0241 
0.9580  0.0241 
0.9595  0.0241 
0.9610  0.0241 
0.9625  0.0241 
0.9640  0.0241 
0.9655  0.0241 
0.9670  0.0241 
0.9685  0.0241 
0.9700  0.0241 
0.9715  0.0241 
0.9730  0.0228 
0.9745  0.0215 
0.9760  0.0203 
0.9775  0.0190 
0.9790  0.0177 
0.9805  0.0165 
0.9820  0.0152 
0.9835  0.0139 
0.9850  0.0127 
0.9865  0.0114 
0.9880  0.0101 
0.9895  0.0089 
0.9910  0.0076 
0.9925  0.0063 
0.9940  0.0051 
0.9955  0.0038 
0.9970  0.0025 
0.9985  0.0013 
1.0000  0.0000 
