0.0000  1.0000 
0.0016  0.9986 
0.0033  0.9972 
0.0049  0.9958 
0.0066  0.9944 
0.0082  0.9930 
0.0099  0.9902 
0.0115  0.9873 
0.0131  0.9775 
0.0148  0.9747 
0.0164  0.9705 
0.0181  0.9691 
0.0197  0.9677 
0.0213  0.9662 
0.0230  0.9648 
0.0246  0.9634 
0.0263  0.9620 
0.0279  0.9606 
0.0296  0.9592 
0.0312  0.9564 
0.0328  0.9550 
0.0345  0.9536 
0.0361  0.9522 
0.0378  0.9508 
0.0394  0.9494 
0.0411  0.9480 
0.0427  0.9466 
0.0443  0.9451 
0.0460  0.9437 
0.0476  0.9423 
0.0493  0.9409 
0.0509  0.9395 
0.0525  0.9381 
0.0542  0.9367 
0.0558  0.9353 
0.0575  0.9339 
0.0591  0.9325 
0.0608  0.9311 
0.0624  0.9297 
0.0640  0.9283 
0.0657  0.9269 
0.0673  0.9255 
0.0690  0.9241 
0.0706  0.9226 
0.0722  0.9198 
0.0739  0.9184 
0.0755  0.9170 
0.0772  0.9156 
0.0788  0.9142 
0.0805  0.9128 
0.0821  0.9044 
0.0837  0.9030 
0.0854  0.9015 
0.0870  0.9001 
0.0887  0.8987 
0.0903  0.8973 
0.0920  0.8959 
0.0936  0.8945 
0.0952  0.8931 
0.0969  0.8214 
0.0985  0.8200 
0.1002  0.8200 
0.1018  0.8200 
0.1034  0.8200 
0.1051  0.8200 
0.1067  0.8200 
0.1084  0.8200 
0.1100  0.8200 
0.1117  0.8200 
0.1133  0.8200 
0.1149  0.8200 
0.1166  0.8200 
0.1182  0.8200 
0.1199  0.8200 
0.1215  0.8200 
0.1232  0.8200 
0.1248  0.8200 
0.1264  0.8200 
0.1281  0.8200 
0.1297  0.8200 
0.1314  0.8200 
0.1330  0.8200 
0.1346  0.8200 
0.1363  0.8200 
0.1379  0.8200 
0.1396  0.8200 
0.1412  0.8200 
0.1429  0.8200 
0.1445  0.8200 
0.1461  0.8200 
0.1478  0.8200 
0.1494  0.8200 
0.1511  0.8200 
0.1527  0.8200 
0.1544  0.8200 
0.1560  0.8200 
0.1576  0.8200 
0.1593  0.8200 
0.1609  0.8200 
0.1626  0.8200 
0.1642  0.8200 
0.1658  0.8200 
0.1675  0.8200 
0.1691  0.8200 
0.1708  0.8200 
0.1724  0.8200 
0.1741  0.8200 
0.1757  0.8200 
0.1773  0.8200 
0.1790  0.8186 
0.1806  0.8115 
0.1823  0.8101 
0.1839  0.8087 
0.1856  0.8073 
0.1872  0.8059 
0.1888  0.8031 
0.1905  0.8017 
0.1921  0.8003 
0.1938  0.7989 
0.1954  0.7975 
0.1970  0.7961 
0.1987  0.7947 
0.2003  0.7932 
0.2020  0.7792 
0.2036  0.7778 
0.2053  0.7764 
0.2069  0.7750 
0.2085  0.7736 
0.2102  0.7722 
0.2118  0.7707 
0.2135  0.7693 
0.2151  0.7679 
0.2167  0.7665 
0.2184  0.7651 
0.2200  0.7637 
0.2217  0.7623 
0.2233  0.7609 
0.2250  0.7595 
0.2266  0.7581 
0.2282  0.7567 
0.2299  0.7553 
0.2315  0.7525 
0.2332  0.7511 
0.2348  0.7496 
0.2365  0.7482 
0.2381  0.7468 
0.2397  0.7454 
0.2414  0.7440 
0.2430  0.7426 
0.2447  0.7412 
0.2463  0.7384 
0.2479  0.7187 
0.2496  0.7173 
0.2512  0.7159 
0.2529  0.7145 
0.2545  0.7131 
0.2562  0.7103 
0.2578  0.7089 
0.2594  0.6639 
0.2611  0.6624 
0.2627  0.6399 
0.2644  0.6385 
0.2660  0.6287 
0.2677  0.6273 
0.2693  0.6160 
0.2709  0.6160 
0.2726  0.6160 
0.2742  0.6160 
0.2759  0.6160 
0.2775  0.6160 
0.2791  0.6160 
0.2808  0.6160 
0.2824  0.6160 
0.2841  0.6160 
0.2857  0.6160 
0.2874  0.6160 
0.2890  0.6160 
0.2906  0.6146 
0.2923  0.6146 
0.2939  0.6146 
0.2956  0.6146 
0.2972  0.6146 
0.2989  0.6146 
0.3005  0.6146 
0.3021  0.6146 
0.3038  0.6146 
0.3054  0.6146 
0.3071  0.6146 
0.3087  0.6146 
0.3103  0.6146 
0.3120  0.6146 
0.3136  0.6146 
0.3153  0.6146 
0.3169  0.6146 
0.3186  0.6146 
0.3202  0.6146 
0.3218  0.6146 
0.3235  0.6146 
0.3251  0.6146 
0.3268  0.6146 
0.3284  0.6146 
0.3300  0.6146 
0.3317  0.6146 
0.3333  0.6146 
0.3350  0.6146 
0.3366  0.6146 
0.3383  0.6146 
0.3399  0.6146 
0.3415  0.6104 
0.3432  0.6090 
0.3448  0.6076 
0.3465  0.6020 
0.3481  0.5992 
0.3498  0.5977 
0.3514  0.5823 
0.3530  0.5767 
0.3547  0.5752 
0.3563  0.5626 
0.3580  0.5626 
0.3596  0.5401 
0.3612  0.5387 
0.3629  0.5148 
0.3645  0.5091 
0.3662  0.5049 
0.3678  0.5049 
0.3695  0.4993 
0.3711  0.4923 
0.3727  0.4923 
0.3744  0.4923 
0.3760  0.4923 
0.3777  0.4923 
0.3793  0.4923 
0.3810  0.4923 
0.3826  0.4923 
0.3842  0.4923 
0.3859  0.4923 
0.3875  0.4866 
0.3892  0.4641 
0.3908  0.4627 
0.3924  0.4613 
0.3941  0.4374 
0.3957  0.4360 
0.3974  0.4346 
0.3990  0.4023 
0.4007  0.4023 
0.4023  0.4023 
0.4039  0.4023 
0.4056  0.4023 
0.4072  0.4023 
0.4089  0.4023 
0.4105  0.4023 
0.4122  0.4023 
0.4138  0.4023 
0.4154  0.4023 
0.4171  0.4023 
0.4187  0.4023 
0.4204  0.4023 
0.4220  0.4023 
0.4236  0.4008 
0.4253  0.3910 
0.4269  0.3910 
0.4286  0.3713 
0.4302  0.3699 
0.4319  0.3502 
0.4335  0.3221 
0.4351  0.3221 
0.4368  0.3221 
0.4384  0.3221 
0.4401  0.3221 
0.4417  0.3221 
0.4433  0.3221 
0.4450  0.3221 
0.4466  0.3221 
0.4483  0.3221 
0.4499  0.3221 
0.4516  0.3221 
0.4532  0.3221 
0.4548  0.3221 
0.4565  0.3221 
0.4581  0.3221 
0.4598  0.3221 
0.4614  0.3221 
0.4631  0.3221 
0.4647  0.3221 
0.4663  0.3221 
0.4680  0.3221 
0.4696  0.3221 
0.4713  0.3221 
0.4729  0.3221 
0.4745  0.3221 
0.4762  0.3221 
0.4778  0.3221 
0.4795  0.3221 
0.4811  0.3221 
0.4828  0.3122 
0.4844  0.3122 
0.4860  0.3122 
0.4877  0.3122 
0.4893  0.3122 
0.4910  0.3122 
0.4926  0.3122 
0.4943  0.3122 
0.4959  0.3122 
0.4975  0.3122 
0.4992  0.3122 
0.5008  0.3122 
0.5025  0.3122 
0.5041  0.3122 
0.5057  0.3122 
0.5074  0.3122 
0.5090  0.3108 
0.5107  0.1969 
0.5123  0.1969 
0.5140  0.1800 
0.5156  0.1800 
0.5172  0.1800 
0.5189  0.1800 
0.5205  0.1800 
0.5222  0.1800 
0.5238  0.1800 
0.5255  0.1800 
0.5271  0.1800 
0.5287  0.1800 
0.5304  0.1800 
0.5320  0.1800 
0.5337  0.1800 
0.5353  0.1800 
0.5369  0.1069 
0.5386  0.1069 
0.5402  0.1069 
0.5419  0.1069 
0.5435  0.1069 
0.5452  0.1069 
0.5468  0.1069 
0.5484  0.1069 
0.5501  0.1069 
0.5517  0.1069 
0.5534  0.1069 
0.5550  0.1069 
0.5567  0.1069 
0.5583  0.1069 
0.5599  0.1069 
0.5616  0.1069 
0.5632  0.1069 
0.5649  0.1069 
0.5665  0.1069 
0.5681  0.1069 
0.5698  0.1069 
0.5714  0.1069 
0.5731  0.1069 
0.5747  0.1069 
0.5764  0.1069 
0.5780  0.1069 
0.5796  0.1069 
0.5813  0.1069 
0.5829  0.1069 
0.5846  0.1069 
0.5862  0.1069 
0.5878  0.1069 
0.5895  0.1069 
0.5911  0.1069 
0.5928  0.1069 
0.5944  0.1069 
0.5961  0.0985 
0.5977  0.0985 
0.5993  0.0985 
0.6010  0.0844 
0.6026  0.0844 
0.6043  0.0844 
0.6059  0.0844 
0.6076  0.0844 
0.6092  0.0844 
0.6108  0.0844 
0.6125  0.0844 
0.6141  0.0844 
0.6158  0.0844 
0.6174  0.0844 
0.6190  0.0844 
0.6207  0.0844 
0.6223  0.0844 
0.6240  0.0844 
0.6256  0.0844 
0.6273  0.0844 
0.6289  0.0844 
0.6305  0.0844 
0.6322  0.0844 
0.6338  0.0844 
0.6355  0.0844 
0.6371  0.0844 
0.6388  0.0844 
0.6404  0.0844 
0.6420  0.0844 
0.6437  0.0844 
0.6453  0.0844 
0.6470  0.0844 
0.6486  0.0844 
0.6502  0.0844 
0.6519  0.0844 
0.6535  0.0844 
0.6552  0.0844 
0.6568  0.0844 
0.6585  0.0844 
0.6601  0.0844 
0.6617  0.0844 
0.6634  0.0844 
0.6650  0.0844 
0.6667  0.0844 
0.6683  0.0844 
0.6700  0.0844 
0.6716  0.0844 
0.6732  0.0844 
0.6749  0.0844 
0.6765  0.0844 
0.6782  0.0844 
0.6798  0.0844 
0.6814  0.0844 
0.6831  0.0844 
0.6847  0.0844 
0.6864  0.0844 
0.6880  0.0844 
0.6897  0.0844 
0.6913  0.0844 
0.6929  0.0844 
0.6946  0.0844 
0.6962  0.0844 
0.6979  0.0844 
0.6995  0.0844 
0.7011  0.0844 
0.7028  0.0844 
0.7044  0.0844 
0.7061  0.0844 
0.7077  0.0619 
0.7094  0.0619 
0.7110  0.0619 
0.7126  0.0619 
0.7143  0.0619 
0.7159  0.0619 
0.7176  0.0619 
0.7192  0.0619 
0.7209  0.0619 
0.7225  0.0619 
0.7241  0.0619 
0.7258  0.0619 
0.7274  0.0619 
0.7291  0.0619 
0.7307  0.0619 
0.7323  0.0619 
0.7340  0.0619 
0.7356  0.0619 
0.7373  0.0619 
0.7389  0.0619 
0.7406  0.0619 
0.7422  0.0619 
0.7438  0.0619 
0.7455  0.0619 
0.7471  0.0619 
0.7488  0.0619 
0.7504  0.0619 
0.7521  0.0619 
0.7537  0.0619 
0.7553  0.0619 
0.7570  0.0619 
0.7586  0.0619 
0.7603  0.0619 
0.7619  0.0619 
0.7635  0.0323 
0.7652  0.0323 
0.7668  0.0323 
0.7685  0.0323 
0.7701  0.0323 
0.7718  0.0323 
0.7734  0.0323 
0.7750  0.0323 
0.7767  0.0323 
0.7783  0.0295 
0.7800  0.0281 
0.7816  0.0253 
0.7833  0.0253 
0.7849  0.0253 
0.7865  0.0253 
0.7882  0.0253 
0.7898  0.0253 
0.7915  0.0253 
0.7931  0.0253 
0.7947  0.0253 
0.7964  0.0253 
0.7980  0.0253 
0.7997  0.0253 
0.8013  0.0253 
0.8030  0.0253 
0.8046  0.0253 
0.8062  0.0253 
0.8079  0.0253 
0.8095  0.0253 
0.8112  0.0253 
0.8128  0.0253 
0.8144  0.0253 
0.8161  0.0253 
0.8177  0.0253 
0.8194  0.0253 
0.8210  0.0253 
0.8227  0.0253 
0.8243  0.0253 
0.8259  0.0253 
0.8276  0.0253 
0.8292  0.0253 
0.8309  0.0253 
0.8325  0.0253 
0.8342  0.0253 
0.8358  0.0253 
0.8374  0.0253 
0.8391  0.0253 
0.8407  0.0253 
0.8424  0.0253 
0.8440  0.0253 
0.8456  0.0253 
0.8473  0.0253 
0.8489  0.0253 
0.8506  0.0253 
0.8522  0.0253 
0.8539  0.0253 
0.8555  0.0253 
0.8571  0.0253 
0.8588  0.0253 
0.8604  0.0253 
0.8621  0.0253 
0.8637  0.0253 
0.8654  0.0253 
0.8670  0.0253 
0.8686  0.0253 
0.8703  0.0253 
0.8719  0.0253 
0.8736  0.0253 
0.8752  0.0253 
0.8768  0.0253 
0.8785  0.0253 
0.8801  0.0253 
0.8818  0.0253 
0.8834  0.0253 
0.8851  0.0253 
0.8867  0.0253 
0.8883  0.0253 
0.8900  0.0253 
0.8916  0.0253 
0.8933  0.0253 
0.8949  0.0253 
0.8966  0.0197 
0.8982  0.0197 
0.8998  0.0197 
0.9015  0.0183 
0.9031  0.0169 
0.9048  0.0155 
0.9064  0.0141 
0.9080  0.0127 
0.9097  0.0127 
0.9113  0.0127 
0.9130  0.0127 
0.9146  0.0127 
0.9163  0.0127 
0.9179  0.0127 
0.9195  0.0127 
0.9212  0.0127 
0.9228  0.0127 
0.9245  0.0127 
0.9261  0.0127 
0.9278  0.0127 
0.9294  0.0127 
0.9310  0.0127 
0.9327  0.0127 
0.9343  0.0127 
0.9360  0.0127 
0.9376  0.0127 
0.9392  0.0113 
0.9409  0.0098 
0.9425  0.0084 
0.9442  0.0070 
0.9458  0.0070 
0.9475  0.0070 
0.9491  0.0070 
0.9507  0.0070 
0.9524  0.0070 
0.9540  0.0070 
0.9557  0.0070 
0.9573  0.0070 
0.9589  0.0070 
0.9606  0.0070 
0.9622  0.0070 
0.9639  0.0070 
0.9655  0.0056 
0.9672  0.0056 
0.9688  0.0056 
0.9704  0.0056 
0.9721  0.0056 
0.9737  0.0056 
0.9754  0.0056 
0.9770  0.0056 
0.9787  0.0056 
0.9803  0.0056 
0.9819  0.0056 
0.9836  0.0056 
0.9852  0.0042 
0.9869  0.0042 
0.9885  0.0042 
0.9901  0.0042 
0.9918  0.0042 
0.9934  0.0042 
0.9951  0.0028 
0.9967  0.0028 
0.9984  0.0014 
1.0000  0.0000 
