0.0000  1.0000 
0.0294  0.9783 
0.0588  0.9565 
0.0882  0.9348 
0.1176  0.8913 
0.1471  0.8696 
0.1765  0.8478 
0.2059  0.8261 
0.2353  0.8043 
0.2647  0.7826 
0.2941  0.7609 
0.3235  0.7391 
0.3529  0.7174 
0.3824  0.6957 
0.4118  0.6739 
0.4412  0.6304 
0.4706  0.6087 
0.5000  0.5870 
0.5294  0.5000 
0.5588  0.4565 
0.5882  0.4130 
0.6176  0.3261 
0.6471  0.3043 
0.6765  0.1304 
0.7059  0.1304 
0.7353  0.1304 
0.7647  0.1304 
0.7941  0.0652 
0.8235  0.0652 
0.8529  0.0652 
0.8824  0.0652 
0.9118  0.0435 
0.9412  0.0435 
0.9706  0.0217 
1.0000  0.0000 
