0.0000  1.0000 
0.0110  0.9717 
0.0220  0.9623 
0.0330  0.9528 
0.0440  0.9340 
0.0549  0.9245 
0.0659  0.9151 
0.0769  0.8962 
0.0879  0.8868 
0.0989  0.8396 
0.1099  0.8302 
0.1209  0.8208 
0.1319  0.8113 
0.1429  0.8019 
0.1538  0.7925 
0.1648  0.7830 
0.1758  0.7736 
0.1868  0.7642 
0.1978  0.7547 
0.2088  0.5566 
0.2198  0.5472 
0.2308  0.5377 
0.2418  0.5283 
0.2527  0.5094 
0.2637  0.5000 
0.2747  0.4906 
0.2857  0.4906 
0.2967  0.4906 
0.3077  0.4906 
0.3187  0.4906 
0.3297  0.4811 
0.3407  0.4717 
0.3516  0.4623 
0.3626  0.4528 
0.3736  0.4245 
0.3846  0.3962 
0.3956  0.3868 
0.4066  0.3019 
0.4176  0.2736 
0.4286  0.2547 
0.4396  0.2547 
0.4505  0.2547 
0.4615  0.2547 
0.4725  0.2453 
0.4835  0.2358 
0.4945  0.2264 
0.5055  0.2170 
0.5165  0.2075 
0.5275  0.1981 
0.5385  0.1887 
0.5495  0.1792 
0.5604  0.1698 
0.5714  0.1604 
0.5824  0.1509 
0.5934  0.1415 
0.6044  0.1321 
0.6154  0.1226 
0.6264  0.1132 
0.6374  0.1038 
0.6484  0.0943 
0.6593  0.0943 
0.6703  0.0943 
0.6813  0.0943 
0.6923  0.0943 
0.7033  0.0943 
0.7143  0.0943 
0.7253  0.0943 
0.7363  0.0943 
0.7473  0.0943 
0.7582  0.0943 
0.7692  0.0943 
0.7802  0.0943 
0.7912  0.0943 
0.8022  0.0943 
0.8132  0.0849 
0.8242  0.0755 
0.8352  0.0660 
0.8462  0.0566 
0.8571  0.0472 
0.8681  0.0377 
0.8791  0.0283 
0.8901  0.0283 
0.9011  0.0283 
0.9121  0.0283 
0.9231  0.0283 
0.9341  0.0189 
0.9451  0.0189 
0.9560  0.0189 
0.9670  0.0189 
0.9780  0.0189 
0.9890  0.0094 
1.0000  0.0000 
