0.0000  1.0000 
0.0233  0.9710 
0.0465  0.9130 
0.0698  0.8841 
0.0930  0.8696 
0.1163  0.8406 
0.1395  0.7681 
0.1628  0.7101 
0.1860  0.6812 
0.2093  0.6522 
0.2326  0.6087 
0.2558  0.5217 
0.2791  0.5072 
0.3023  0.4058 
0.3256  0.3913 
0.3488  0.3478 
0.3721  0.3188 
0.3953  0.3043 
0.4186  0.2899 
0.4419  0.2754 
0.4651  0.2609 
0.4884  0.2464 
0.5116  0.1449 
0.5349  0.1449 
0.5581  0.1159 
0.5814  0.0870 
0.6047  0.0870 
0.6279  0.0725 
0.6512  0.0580 
0.6744  0.0580 
0.6977  0.0580 
0.7209  0.0580 
0.7442  0.0580 
0.7674  0.0580 
0.7907  0.0580 
0.8140  0.0580 
0.8372  0.0435 
0.8605  0.0290 
0.8837  0.0290 
0.9070  0.0290 
0.9302  0.0290 
0.9535  0.0290 
0.9767  0.0145 
1.0000  0.0000 
