0.0000  1.0000 
0.0182  0.9620 
0.0364  0.8987 
0.0545  0.8734 
0.0727  0.8481 
0.0909  0.8228 
0.1091  0.7975 
0.1273  0.6962 
0.1455  0.6709 
0.1636  0.6456 
0.1818  0.6203 
0.2000  0.5823 
0.2182  0.5823 
0.2364  0.5570 
0.2545  0.5443 
0.2727  0.5190 
0.2909  0.4684 
0.3091  0.4684 
0.3273  0.4684 
0.3455  0.4557 
0.3636  0.4430 
0.3818  0.3165 
0.4000  0.3165 
0.4182  0.3165 
0.4364  0.3038 
0.4545  0.2911 
0.4727  0.2405 
0.4909  0.2405 
0.5091  0.2405 
0.5273  0.2278 
0.5455  0.1646 
0.5636  0.1646 
0.5818  0.1646 
0.6000  0.1646 
0.6182  0.1646 
0.6364  0.1646 
0.6545  0.1646 
0.6727  0.1646 
0.6909  0.1646 
0.7091  0.1646 
0.7273  0.1646 
0.7455  0.1646 
0.7636  0.1646 
0.7818  0.1646 
0.8000  0.1013 
0.8182  0.1013 
0.8364  0.1013 
0.8545  0.1013 
0.8727  0.0886 
0.8909  0.0759 
0.9091  0.0633 
0.9273  0.0506 
0.9455  0.0380 
0.9636  0.0253 
0.9818  0.0127 
1.0000  0.0000 
