0.0000  1.0000 
0.0156  0.9694 
0.0312  0.9388 
0.0469  0.9184 
0.0625  0.8980 
0.0781  0.8878 
0.0938  0.8673 
0.1094  0.8265 
0.1250  0.8061 
0.1406  0.7857 
0.1562  0.7653 
0.1719  0.7449 
0.1875  0.7245 
0.2031  0.7143 
0.2188  0.6837 
0.2344  0.6735 
0.2500  0.6531 
0.2656  0.6327 
0.2812  0.6224 
0.2969  0.6122 
0.3125  0.5918 
0.3281  0.5510 
0.3438  0.5408 
0.3594  0.4898 
0.3750  0.3980 
0.3906  0.3980 
0.4062  0.3776 
0.4219  0.3571 
0.4375  0.3061 
0.4531  0.1939 
0.4688  0.1735 
0.4844  0.1735 
0.5000  0.1735 
0.5156  0.1735 
0.5312  0.1429 
0.5469  0.1429 
0.5625  0.1429 
0.5781  0.1020 
0.5938  0.1020 
0.6094  0.1020 
0.6250  0.1020 
0.6406  0.1020 
0.6562  0.1020 
0.6719  0.1020 
0.6875  0.1020 
0.7031  0.0918 
0.7188  0.0714 
0.7344  0.0714 
0.7500  0.0714 
0.7656  0.0612 
0.7812  0.0612 
0.7969  0.0612 
0.8125  0.0408 
0.8281  0.0408 
0.8438  0.0408 
0.8594  0.0408 
0.8750  0.0408 
0.8906  0.0408 
0.9062  0.0408 
0.9219  0.0408 
0.9375  0.0408 
0.9531  0.0408 
0.9688  0.0204 
0.9844  0.0102 
1.0000  0.0000 
