0.0000  1.0000 
0.0036  0.9916 
0.0073  0.9832 
0.0109  0.9804 
0.0145  0.9748 
0.0182  0.9692 
0.0218  0.9664 
0.0255  0.9608 
0.0291  0.9580 
0.0327  0.9552 
0.0364  0.9524 
0.0400  0.9496 
0.0436  0.9468 
0.0473  0.9440 
0.0509  0.9384 
0.0545  0.9328 
0.0582  0.9300 
0.0618  0.9272 
0.0655  0.9160 
0.0691  0.9048 
0.0727  0.9020 
0.0764  0.8964 
0.0800  0.8936 
0.0836  0.8880 
0.0873  0.8711 
0.0909  0.8571 
0.0945  0.8543 
0.0982  0.8515 
0.1018  0.8431 
0.1055  0.8347 
0.1091  0.8319 
0.1127  0.8263 
0.1164  0.8235 
0.1200  0.8123 
0.1236  0.8095 
0.1273  0.8067 
0.1309  0.8011 
0.1345  0.7843 
0.1382  0.7787 
0.1418  0.7759 
0.1455  0.7731 
0.1491  0.7703 
0.1527  0.7675 
0.1564  0.7619 
0.1600  0.7591 
0.1636  0.7563 
0.1673  0.7535 
0.1709  0.7479 
0.1745  0.7395 
0.1782  0.7367 
0.1818  0.7311 
0.1855  0.7283 
0.1891  0.7171 
0.1927  0.7143 
0.1964  0.7115 
0.2000  0.7087 
0.2036  0.7059 
0.2073  0.6975 
0.2109  0.6947 
0.2145  0.6891 
0.2182  0.6863 
0.2218  0.6807 
0.2255  0.6695 
0.2291  0.6667 
0.2327  0.6331 
0.2364  0.6303 
0.2400  0.6275 
0.2436  0.6246 
0.2473  0.6218 
0.2509  0.6162 
0.2545  0.6134 
0.2582  0.6050 
0.2618  0.5966 
0.2655  0.5910 
0.2691  0.5882 
0.2727  0.5854 
0.2764  0.5826 
0.2800  0.5798 
0.2836  0.5770 
0.2873  0.5686 
0.2909  0.5658 
0.2945  0.5518 
0.2982  0.5462 
0.3018  0.5434 
0.3055  0.5406 
0.3091  0.5350 
0.3127  0.5266 
0.3164  0.5210 
0.3200  0.5182 
0.3236  0.5126 
0.3273  0.5126 
0.3309  0.5098 
0.3345  0.5070 
0.3382  0.5042 
0.3418  0.5014 
0.3455  0.3922 
0.3491  0.3501 
0.3527  0.3501 
0.3564  0.3473 
0.3600  0.3473 
0.3636  0.3473 
0.3673  0.3473 
0.3709  0.3445 
0.3745  0.2577 
0.3782  0.1373 
0.3818  0.1373 
0.3855  0.1176 
0.3891  0.1176 
0.3927  0.1176 
0.3964  0.1176 
0.4000  0.1176 
0.4036  0.0868 
0.4073  0.0784 
0.4109  0.0784 
0.4145  0.0784 
0.4182  0.0784 
0.4218  0.0784 
0.4255  0.0784 
0.4291  0.0784 
0.4327  0.0784 
0.4364  0.0784 
0.4400  0.0784 
0.4436  0.0700 
0.4473  0.0700 
0.4509  0.0476 
0.4545  0.0476 
0.4582  0.0476 
0.4618  0.0476 
0.4655  0.0476 
0.4691  0.0476 
0.4727  0.0476 
0.4764  0.0476 
0.4800  0.0448 
0.4836  0.0420 
0.4873  0.0420 
0.4909  0.0420 
0.4945  0.0420 
0.4982  0.0420 
0.5018  0.0420 
0.5055  0.0420 
0.5091  0.0420 
0.5127  0.0420 
0.5164  0.0420 
0.5200  0.0420 
0.5236  0.0420 
0.5273  0.0420 
0.5309  0.0420 
0.5345  0.0420 
0.5382  0.0420 
0.5418  0.0420 
0.5455  0.0420 
0.5491  0.0420 
0.5527  0.0420 
0.5564  0.0420 
0.5600  0.0392 
0.5636  0.0392 
0.5673  0.0392 
0.5709  0.0392 
0.5745  0.0392 
0.5782  0.0392 
0.5818  0.0392 
0.5855  0.0392 
0.5891  0.0392 
0.5927  0.0392 
0.5964  0.0392 
0.6000  0.0392 
0.6036  0.0392 
0.6073  0.0392 
0.6109  0.0392 
0.6145  0.0392 
0.6182  0.0392 
0.6218  0.0392 
0.6255  0.0392 
0.6291  0.0392 
0.6327  0.0392 
0.6364  0.0392 
0.6400  0.0392 
0.6436  0.0392 
0.6473  0.0392 
0.6509  0.0392 
0.6545  0.0392 
0.6582  0.0392 
0.6618  0.0392 
0.6655  0.0392 
0.6691  0.0392 
0.6727  0.0392 
0.6764  0.0392 
0.6800  0.0392 
0.6836  0.0392 
0.6873  0.0392 
0.6909  0.0392 
0.6945  0.0392 
0.6982  0.0392 
0.7018  0.0392 
0.7055  0.0392 
0.7091  0.0392 
0.7127  0.0392 
0.7164  0.0392 
0.7200  0.0392 
0.7236  0.0392 
0.7273  0.0392 
0.7309  0.0392 
0.7345  0.0392 
0.7382  0.0392 
0.7418  0.0364 
0.7455  0.0336 
0.7491  0.0308 
0.7527  0.0280 
0.7564  0.0252 
0.7600  0.0224 
0.7636  0.0196 
0.7673  0.0168 
0.7709  0.0168 
0.7745  0.0168 
0.7782  0.0168 
0.7818  0.0168 
0.7855  0.0168 
0.7891  0.0168 
0.7927  0.0168 
0.7964  0.0168 
0.8000  0.0168 
0.8036  0.0168 
0.8073  0.0168 
0.8109  0.0168 
0.8145  0.0168 
0.8182  0.0168 
0.8218  0.0168 
0.8255  0.0168 
0.8291  0.0168 
0.8327  0.0168 
0.8364  0.0168 
0.8400  0.0168 
0.8436  0.0168 
0.8473  0.0168 
0.8509  0.0168 
0.8545  0.0168 
0.8582  0.0168 
0.8618  0.0168 
0.8655  0.0168 
0.8691  0.0168 
0.8727  0.0140 
0.8764  0.0140 
0.8800  0.0140 
0.8836  0.0140 
0.8873  0.0140 
0.8909  0.0140 
0.8945  0.0140 
0.8982  0.0140 
0.9018  0.0140 
0.9055  0.0140 
0.9091  0.0140 
0.9127  0.0140 
0.9164  0.0140 
0.9200  0.0140 
0.9236  0.0140 
0.9273  0.0140 
0.9309  0.0140 
0.9345  0.0140 
0.9382  0.0140 
0.9418  0.0140 
0.9455  0.0140 
0.9491  0.0140 
0.9527  0.0140 
0.9564  0.0140 
0.9600  0.0140 
0.9636  0.0140 
0.9673  0.0112 
0.9709  0.0084 
0.9745  0.0056 
0.9782  0.0056 
0.9818  0.0056 
0.9855  0.0056 
0.9891  0.0056 
0.9927  0.0056 
0.9964  0.0028 
1.0000  0.0000 
