0.0000  1.0000 
0.0222  1.0000 
0.0444  0.9508 
0.0667  0.9180 
0.0889  0.8852 
0.1111  0.8525 
0.1333  0.8197 
0.1556  0.7869 
0.1778  0.7541 
0.2000  0.6721 
0.2222  0.6393 
0.2444  0.5574 
0.2667  0.5574 
0.2889  0.5574 
0.3111  0.5410 
0.3333  0.5082 
0.3556  0.5082 
0.3778  0.5082 
0.4000  0.4918 
0.4222  0.4262 
0.4444  0.4262 
0.4667  0.4262 
0.4889  0.4098 
0.5111  0.3934 
0.5333  0.3443 
0.5556  0.3443 
0.5778  0.3279 
0.6000  0.3115 
0.6222  0.2295 
0.6444  0.2295 
0.6667  0.2295 
0.6889  0.2295 
0.7111  0.2131 
0.7333  0.1967 
0.7556  0.1803 
0.7778  0.1639 
0.8000  0.1475 
0.8222  0.1311 
0.8444  0.1148 
0.8667  0.0984 
0.8889  0.0820 
0.9111  0.0656 
0.9333  0.0492 
0.9556  0.0328 
0.9778  0.0164 
1.0000  0.0000 
