0.0000  1.0000 
0.0111  0.9902 
0.0222  0.9804 
0.0333  0.9706 
0.0444  0.9608 
0.0556  0.9510 
0.0667  0.9216 
0.0778  0.9020 
0.0889  0.8922 
0.1000  0.8725 
0.1111  0.8627 
0.1222  0.8529 
0.1333  0.8333 
0.1444  0.8235 
0.1556  0.8137 
0.1667  0.8039 
0.1778  0.7941 
0.1889  0.7745 
0.2000  0.7647 
0.2111  0.7549 
0.2222  0.7451 
0.2333  0.7353 
0.2444  0.7255 
0.2556  0.7059 
0.2667  0.6863 
0.2778  0.6765 
0.2889  0.6667 
0.3000  0.6275 
0.3111  0.6275 
0.3222  0.6275 
0.3333  0.6176 
0.3444  0.6078 
0.3556  0.5980 
0.3667  0.5882 
0.3778  0.5784 
0.3889  0.5686 
0.4000  0.5392 
0.4111  0.5392 
0.4222  0.3824 
0.4333  0.3725 
0.4444  0.3627 
0.4556  0.3529 
0.4667  0.3431 
0.4778  0.3333 
0.4889  0.3235 
0.5000  0.2647 
0.5111  0.2647 
0.5222  0.2647 
0.5333  0.2647 
0.5444  0.2647 
0.5556  0.2647 
0.5667  0.2647 
0.5778  0.2647 
0.5889  0.2647 
0.6000  0.2647 
0.6111  0.2647 
0.6222  0.2647 
0.6333  0.2647 
0.6444  0.2647 
0.6556  0.2647 
0.6667  0.2647 
0.6778  0.2647 
0.6889  0.2647 
0.7000  0.2647 
0.7111  0.2549 
0.7222  0.2451 
0.7333  0.2353 
0.7444  0.2255 
0.7556  0.2157 
0.7667  0.2059 
0.7778  0.1961 
0.7889  0.1863 
0.8000  0.1765 
0.8111  0.1667 
0.8222  0.1569 
0.8333  0.1471 
0.8444  0.1373 
0.8556  0.1275 
0.8667  0.1176 
0.8778  0.1078 
0.8889  0.0980 
0.9000  0.0882 
0.9111  0.0784 
0.9222  0.0686 
0.9333  0.0588 
0.9444  0.0490 
0.9556  0.0392 
0.9667  0.0294 
0.9778  0.0196 
0.9889  0.0098 
1.0000  0.0000 
