0.0000  1.0000 
0.0278  0.8804 
0.0556  0.8587 
0.0833  0.8370 
0.1111  0.8043 
0.1389  0.7935 
0.1667  0.7826 
0.1944  0.7717 
0.2222  0.7609 
0.2500  0.7500 
0.2778  0.7391 
0.3056  0.7174 
0.3333  0.6087 
0.3611  0.5435 
0.3889  0.5000 
0.4167  0.4457 
0.4444  0.3043 
0.4722  0.2500 
0.5000  0.2174 
0.5278  0.1304 
0.5556  0.1304 
0.5833  0.1196 
0.6111  0.1196 
0.6389  0.1196 
0.6667  0.1196 
0.6944  0.0870 
0.7222  0.0870 
0.7500  0.0543 
0.7778  0.0326 
0.8056  0.0217 
0.8333  0.0217 
0.8611  0.0217 
0.8889  0.0217 
0.9167  0.0217 
0.9444  0.0217 
0.9722  0.0109 
1.0000  0.0000 
