0.0000  1.0000 
0.0250  0.9948 
0.0500  0.9585 
0.0750  0.9326 
0.1000  0.9275 
0.1250  0.9171 
0.1500  0.8497 
0.1750  0.7409 
0.2000  0.7306 
0.2250  0.6839 
0.2500  0.6373 
0.2750  0.6062 
0.3000  0.6010 
0.3250  0.5959 
0.3500  0.5337 
0.3750  0.5233 
0.4000  0.4870 
0.4250  0.4767 
0.4500  0.4611 
0.4750  0.4508 
0.5000  0.4352 
0.5250  0.4249 
0.5500  0.4197 
0.5750  0.3627 
0.6000  0.3420 
0.6250  0.3264 
0.6500  0.3057 
0.6750  0.2850 
0.7000  0.2746 
0.7250  0.2642 
0.7500  0.2591 
0.7750  0.2228 
0.8000  0.2073 
0.8250  0.1865 
0.8500  0.1762 
0.8750  0.1606 
0.9000  0.0933 
0.9250  0.0933 
0.9500  0.0725 
0.9750  0.0052 
1.0000  0.0000 
