0.0000  1.0000 
0.0312  0.9149 
0.0625  0.8511 
0.0938  0.7872 
0.1250  0.7447 
0.1562  0.7021 
0.1875  0.7021 
0.2188  0.7021 
0.2500  0.7021 
0.2812  0.7021 
0.3125  0.6596 
0.3438  0.6596 
0.3750  0.4043 
0.4062  0.4043 
0.4375  0.4043 
0.4688  0.4043 
0.5000  0.4043 
0.5312  0.3617 
0.5625  0.3404 
0.5938  0.2979 
0.6250  0.2979 
0.6562  0.2979 
0.6875  0.1915 
0.7188  0.1277 
0.7500  0.1277 
0.7812  0.0851 
0.8125  0.0851 
0.8438  0.0851 
0.8750  0.0851 
0.9062  0.0638 
0.9375  0.0426 
0.9688  0.0213 
1.0000  0.0000 
