0.0000  1.0000 
0.0250  0.9948 
0.0500  0.9275 
0.0750  0.8912 
0.1000  0.8653 
0.1250  0.8187 
0.1500  0.7098 
0.1750  0.6632 
0.2000  0.6166 
0.2250  0.6114 
0.2500  0.6010 
0.2750  0.5907 
0.3000  0.5440 
0.3250  0.5337 
0.3500  0.4922 
0.3750  0.4870 
0.4000  0.4560 
0.4250  0.4352 
0.4500  0.4249 
0.4750  0.4145 
0.5000  0.3938 
0.5250  0.3472 
0.5500  0.3109 
0.5750  0.2902 
0.6000  0.2798 
0.6250  0.2642 
0.6500  0.2487 
0.6750  0.2435 
0.7000  0.2176 
0.7250  0.1969 
0.7500  0.1762 
0.7750  0.1554 
0.8000  0.1088 
0.8250  0.0984 
0.8500  0.0933 
0.8750  0.0829 
0.9000  0.0674 
0.9250  0.0466 
0.9500  0.0259 
0.9750  0.0052 
1.0000  0.0000 
