0.0000  1.0000 
0.0250  0.9067 
0.0500  0.8342 
0.0750  0.7927 
0.1000  0.7513 
0.1250  0.7150 
0.1500  0.6839 
0.1750  0.6477 
0.2000  0.6062 
0.2250  0.5751 
0.2500  0.5389 
0.2750  0.5026 
0.3000  0.4715 
0.3250  0.4404 
0.3500  0.4093 
0.3750  0.3938 
0.4000  0.3731 
0.4250  0.3575 
0.4500  0.3368 
0.4750  0.3161 
0.5000  0.3005 
0.5250  0.2798 
0.5500  0.2642 
0.5750  0.2539 
0.6000  0.2332 
0.6250  0.2124 
0.6500  0.1969 
0.6750  0.1865 
0.7000  0.1710 
0.7250  0.1554 
0.7500  0.1399 
0.7750  0.1244 
0.8000  0.1088 
0.8250  0.0881 
0.8500  0.0725 
0.8750  0.0570 
0.9000  0.0466 
0.9250  0.0363 
0.9500  0.0259 
0.9750  0.0052 
1.0000  0.0000 
