0.0000  1.0000 
0.0250  0.9326 
0.0500  0.9275 
0.0750  0.8912 
0.1000  0.7876 
0.1250  0.7461 
0.1500  0.7098 
0.1750  0.6632 
0.2000  0.6166 
0.2250  0.6114 
0.2500  0.5699 
0.2750  0.5544 
0.3000  0.5233 
0.3250  0.4922 
0.3500  0.4870 
0.3750  0.4819 
0.4000  0.4560 
0.4250  0.3990 
0.4500  0.3731 
0.4750  0.3523 
0.5000  0.3368 
0.5250  0.3264 
0.5500  0.3109 
0.5750  0.2746 
0.6000  0.2487 
0.6250  0.2332 
0.6500  0.2176 
0.6750  0.2021 
0.7000  0.1762 
0.7250  0.1606 
0.7500  0.1451 
0.7750  0.1295 
0.8000  0.1088 
0.8250  0.0984 
0.8500  0.0933 
0.8750  0.0725 
0.9000  0.0622 
0.9250  0.0466 
0.9500  0.0259 
0.9750  0.0052 
1.0000  0.0000 
