0.0000  1.0000 
0.0091  0.9873 
0.0182  0.9713 
0.0273  0.9459 
0.0364  0.9299 
0.0455  0.9172 
0.0545  0.9045 
0.0636  0.8854 
0.0727  0.8790 
0.0818  0.8662 
0.0909  0.8535 
0.1000  0.8376 
0.1091  0.8248 
0.1182  0.8121 
0.1273  0.8025 
0.1364  0.7930 
0.1455  0.7675 
0.1545  0.7580 
0.1636  0.7516 
0.1727  0.7420 
0.1818  0.7357 
0.1909  0.7134 
0.2000  0.7006 
0.2091  0.6879 
0.2182  0.6752 
0.2273  0.6656 
0.2364  0.6592 
0.2455  0.6433 
0.2545  0.6306 
0.2636  0.6210 
0.2727  0.6178 
0.2818  0.6083 
0.2909  0.5892 
0.3000  0.5732 
0.3091  0.5573 
0.3182  0.5446 
0.3273  0.5318 
0.3364  0.5223 
0.3455  0.5127 
0.3545  0.4936 
0.3636  0.4841 
0.3727  0.4745 
0.3818  0.4650 
0.3909  0.4554 
0.4000  0.4427 
0.4091  0.4299 
0.4182  0.4204 
0.4273  0.4140 
0.4364  0.4076 
0.4455  0.3567 
0.4545  0.3408 
0.4636  0.3312 
0.4727  0.3248 
0.4818  0.3185 
0.4909  0.3121 
0.5000  0.3057 
0.5091  0.2803 
0.5182  0.2643 
0.5273  0.2643 
0.5364  0.2643 
0.5455  0.2548 
0.5545  0.2452 
0.5636  0.2357 
0.5727  0.2134 
0.5818  0.1720 
0.5909  0.1561 
0.6000  0.1178 
0.6091  0.0955 
0.6182  0.0955 
0.6273  0.0541 
0.6364  0.0350 
0.6455  0.0350 
0.6545  0.0350 
0.6636  0.0350 
0.6727  0.0255 
0.6818  0.0255 
0.6909  0.0255 
0.7000  0.0255 
0.7091  0.0255 
0.7182  0.0223 
0.7273  0.0223 
0.7364  0.0223 
0.7455  0.0159 
0.7545  0.0159 
0.7636  0.0159 
0.7727  0.0159 
0.7818  0.0159 
0.7909  0.0159 
0.8000  0.0159 
0.8091  0.0159 
0.8182  0.0159 
0.8273  0.0159 
0.8364  0.0159 
0.8455  0.0159 
0.8545  0.0159 
0.8636  0.0127 
0.8727  0.0096 
0.8818  0.0096 
0.8909  0.0096 
0.9000  0.0096 
0.9091  0.0096 
0.9182  0.0096 
0.9273  0.0096 
0.9364  0.0096 
0.9455  0.0096 
0.9545  0.0096 
0.9636  0.0096 
0.9727  0.0096 
0.9818  0.0064 
0.9909  0.0032 
1.0000  0.0000 
