0.0000  1.0000 
0.0091  0.9775 
0.0182  0.9614 
0.0273  0.9453 
0.0364  0.9293 
0.0455  0.9132 
0.0545  0.9003 
0.0636  0.8842 
0.0727  0.8682 
0.0818  0.8521 
0.0909  0.8392 
0.1000  0.8264 
0.1091  0.8135 
0.1182  0.8006 
0.1273  0.7878 
0.1364  0.7749 
0.1455  0.7621 
0.1545  0.7492 
0.1636  0.7395 
0.1727  0.7267 
0.1818  0.7138 
0.1909  0.7010 
0.2000  0.6881 
0.2091  0.6752 
0.2182  0.6624 
0.2273  0.6527 
0.2364  0.6431 
0.2455  0.6302 
0.2545  0.6174 
0.2636  0.6077 
0.2727  0.5949 
0.2818  0.5852 
0.2909  0.5756 
0.3000  0.5659 
0.3091  0.5595 
0.3182  0.5498 
0.3273  0.5305 
0.3364  0.5209 
0.3455  0.5113 
0.3545  0.4952 
0.3636  0.4855 
0.3727  0.4759 
0.3818  0.4662 
0.3909  0.4566 
0.4000  0.4405 
0.4091  0.4277 
0.4182  0.4084 
0.4273  0.3987 
0.4364  0.3891 
0.4455  0.3794 
0.4545  0.3698 
0.4636  0.3633 
0.4727  0.3537 
0.4818  0.3441 
0.4909  0.3441 
0.5000  0.3344 
0.5091  0.3248 
0.5182  0.3151 
0.5273  0.3055 
0.5364  0.2958 
0.5455  0.2830 
0.5545  0.2733 
0.5636  0.2669 
0.5727  0.2572 
0.5818  0.2508 
0.5909  0.2444 
0.6000  0.2219 
0.6091  0.2122 
0.6182  0.2058 
0.6273  0.1961 
0.6364  0.1865 
0.6455  0.1768 
0.6545  0.1543 
0.6636  0.1222 
0.6727  0.0997 
0.6818  0.0579 
0.6909  0.0579 
0.7000  0.0579 
0.7091  0.0514 
0.7182  0.0450 
0.7273  0.0450 
0.7364  0.0386 
0.7455  0.0386 
0.7545  0.0386 
0.7636  0.0386 
0.7727  0.0386 
0.7818  0.0386 
0.7909  0.0386 
0.8000  0.0386 
0.8091  0.0386 
0.8182  0.0386 
0.8273  0.0225 
0.8364  0.0225 
0.8455  0.0225 
0.8545  0.0225 
0.8636  0.0225 
0.8727  0.0225 
0.8818  0.0225 
0.8909  0.0225 
0.9000  0.0225 
0.9091  0.0225 
0.9182  0.0225 
0.9273  0.0129 
0.9364  0.0129 
0.9455  0.0129 
0.9545  0.0129 
0.9636  0.0129 
0.9727  0.0096 
0.9818  0.0064 
0.9909  0.0032 
1.0000  0.0000 
