0.0000  1.0000 
0.0303  0.9821 
0.0606  0.9286 
0.0909  0.9107 
0.1212  0.8750 
0.1515  0.8214 
0.1818  0.8036 
0.2121  0.6964 
0.2424  0.6607 
0.2727  0.6250 
0.3030  0.6071 
0.3333  0.5714 
0.3636  0.5536 
0.3939  0.5357 
0.4242  0.4821 
0.4545  0.4286 
0.4848  0.4107 
0.5152  0.3929 
0.5455  0.3393 
0.5758  0.3214 
0.6061  0.3036 
0.6364  0.2857 
0.6667  0.2679 
0.6970  0.2500 
0.7273  0.2143 
0.7576  0.1964 
0.7879  0.0893 
0.8182  0.0893 
0.8485  0.0714 
0.8788  0.0536 
0.9091  0.0536 
0.9394  0.0357 
0.9697  0.0179 
1.0000  0.0000 
