0.0000  1.0000 
0.0312  0.7872 
0.0625  0.5319 
0.0938  0.4255 
0.1250  0.3404 
0.1562  0.3191 
0.1875  0.2553 
0.2188  0.2553 
0.2500  0.2553 
0.2812  0.2553 
0.3125  0.2553 
0.3438  0.2553 
0.3750  0.2553 
0.4062  0.2553 
0.4375  0.2128 
0.4688  0.2128 
0.5000  0.2128 
0.5312  0.2128 
0.5625  0.1277 
0.5938  0.1064 
0.6250  0.1064 
0.6562  0.1064 
0.6875  0.0638 
0.7188  0.0638 
0.7500  0.0638 
0.7812  0.0638 
0.8125  0.0426 
0.8438  0.0426 
0.8750  0.0426 
0.9062  0.0426 
0.9375  0.0426 
0.9688  0.0213 
1.0000  0.0000 
