0.0000  1.0000 
0.0303  0.9636 
0.0606  0.9455 
0.0909  0.9091 
0.1212  0.8364 
0.1515  0.8182 
0.1818  0.7818 
0.2121  0.7455 
0.2424  0.7091 
0.2727  0.6727 
0.3030  0.6545 
0.3333  0.6000 
0.3636  0.5091 
0.3939  0.4909 
0.4242  0.4727 
0.4545  0.4364 
0.4848  0.4182 
0.5152  0.4000 
0.5455  0.3636 
0.5758  0.2182 
0.6061  0.2182 
0.6364  0.1818 
0.6667  0.1818 
0.6970  0.1636 
0.7273  0.1273 
0.7576  0.1273 
0.7879  0.1273 
0.8182  0.1091 
0.8485  0.0909 
0.8788  0.0727 
0.9091  0.0545 
0.9394  0.0364 
0.9697  0.0182 
1.0000  0.0000 
