0.0000  1.0000 
0.0091  0.9904 
0.0182  0.9841 
0.0273  0.9713 
0.0364  0.9522 
0.0455  0.9427 
0.0545  0.9395 
0.0636  0.9204 
0.0727  0.9013 
0.0818  0.8981 
0.0909  0.8917 
0.1000  0.8885 
0.1091  0.8567 
0.1182  0.8503 
0.1273  0.8312 
0.1364  0.8185 
0.1455  0.8153 
0.1545  0.8089 
0.1636  0.7962 
0.1727  0.7771 
0.1818  0.7739 
0.1909  0.7580 
0.2000  0.7516 
0.2091  0.7420 
0.2182  0.7293 
0.2273  0.7166 
0.2364  0.7038 
0.2455  0.6911 
0.2545  0.6879 
0.2636  0.6783 
0.2727  0.6656 
0.2818  0.6592 
0.2909  0.6497 
0.3000  0.6401 
0.3091  0.6210 
0.3182  0.5955 
0.3273  0.5828 
0.3364  0.5732 
0.3455  0.5637 
0.3545  0.5605 
0.3636  0.5510 
0.3727  0.5414 
0.3818  0.5382 
0.3909  0.5318 
0.4000  0.5255 
0.4091  0.5159 
0.4182  0.5000 
0.4273  0.4873 
0.4364  0.4586 
0.4455  0.4554 
0.4545  0.4459 
0.4636  0.4427 
0.4727  0.4076 
0.4818  0.4045 
0.4909  0.3790 
0.5000  0.3662 
0.5091  0.3503 
0.5182  0.3408 
0.5273  0.1975 
0.5364  0.1752 
0.5455  0.1369 
0.5545  0.1369 
0.5636  0.1369 
0.5727  0.1338 
0.5818  0.1338 
0.5909  0.0924 
0.6000  0.0924 
0.6091  0.0924 
0.6182  0.0796 
0.6273  0.0796 
0.6364  0.0796 
0.6455  0.0796 
0.6545  0.0701 
0.6636  0.0701 
0.6727  0.0701 
0.6818  0.0701 
0.6909  0.0637 
0.7000  0.0637 
0.7091  0.0541 
0.7182  0.0541 
0.7273  0.0541 
0.7364  0.0541 
0.7455  0.0541 
0.7545  0.0541 
0.7636  0.0541 
0.7727  0.0541 
0.7818  0.0287 
0.7909  0.0287 
0.8000  0.0287 
0.8091  0.0287 
0.8182  0.0287 
0.8273  0.0287 
0.8364  0.0287 
0.8455  0.0287 
0.8545  0.0287 
0.8636  0.0287 
0.8727  0.0287 
0.8818  0.0287 
0.8909  0.0287 
0.9000  0.0287 
0.9091  0.0287 
0.9182  0.0287 
0.9273  0.0287 
0.9364  0.0096 
0.9455  0.0096 
0.9545  0.0096 
0.9636  0.0096 
0.9727  0.0096 
0.9818  0.0064 
0.9909  0.0032 
1.0000  0.0000 
