0.00    0.00    0.00    0.00    0.00    0.00    0.00    0.00    0.00    0.00    13.00  
0.00    0.00    0.00    0.00    1.00    0.00    0.00    0.00    0.00    0.00    13.00  
0.00    0.00    0.00    0.00    0.00    0.00    0.00    0.00    2.00    1.00    9.00   
0.00    0.00    0.00    0.00    0.00    0.00    0.00    0.00    0.00    0.00    0.00   
0.00    0.00    0.00    0.00    0.00    0.00    0.00    0.00    1.00    0.00    14.00  
0.00    0.00    0.00    0.00    0.00    0.00    0.00    0.00    0.00    3.00    15.00  
0.00    0.00    0.00    0.00    0.00    0.00    0.00    1.00    1.00    0.00    19.00  
0.00    0.00    0.00    0.00    0.00    0.00    0.00    0.00    0.00    0.00    8.00   
0.00    0.00    0.00    0.00    1.00    0.00    0.00    0.00    2.00    3.00    41.00  
0.00    0.00    0.00    0.00    0.00    0.00    0.00    1.00    5.00    6.00    47.00  
0.00    0.00    0.00    0.00    4.00    0.00    0.00    7.00    11.00   26.00   245.00 
