0.0000  1.0000 
0.0312  0.8800 
0.0625  0.5000 
0.0938  0.4000 
0.1250  0.3200 
0.1562  0.3000 
0.1875  0.2400 
0.2188  0.2400 
0.2500  0.2400 
0.2812  0.2000 
0.3125  0.2000 
0.3438  0.2000 
0.3750  0.2000 
0.4062  0.2000 
0.4375  0.2000 
0.4688  0.2000 
0.5000  0.2000 
0.5312  0.2000 
0.5625  0.1200 
0.5938  0.1000 
0.6250  0.1000 
0.6562  0.1000 
0.6875  0.0600 
0.7188  0.0600 
0.7500  0.0600 
0.7812  0.0600 
0.8125  0.0400 
0.8438  0.0400 
0.8750  0.0400 
0.9062  0.0400 
0.9375  0.0400 
0.9688  0.0200 
1.0000  0.0000 
