0.0000  1.0000 
0.0250  0.9948 
0.0500  0.9585 
0.0750  0.9326 
0.1000  0.9275 
0.1250  0.9171 
0.1500  0.8497 
0.1750  0.7409 
0.2000  0.7306 
0.2250  0.6839 
0.2500  0.6373 
0.2750  0.6062 
0.3000  0.6010 
0.3250  0.5959 
0.3500  0.5337 
0.3750  0.5233 
0.4000  0.4870 
0.4250  0.4767 
0.4500  0.4611 
0.4750  0.4508 
0.5000  0.4404 
0.5250  0.4352 
0.5500  0.3782 
0.5750  0.3627 
0.6000  0.3523 
0.6250  0.3161 
0.6500  0.2539 
0.6750  0.2383 
0.7000  0.2176 
0.7250  0.2021 
0.7500  0.1762 
0.7750  0.1554 
0.8000  0.1088 
0.8250  0.0984 
0.8500  0.0933 
0.8750  0.0829 
0.9000  0.0674 
0.9250  0.0259 
0.9500  0.0259 
0.9750  0.0052 
1.0000  0.0000 
